0	0	1
0	1	2
0	2	3
4	0	1
4	1	5
6	0	1
6	1	7
6	2	2
6	3	8
4	0	1
4	1	5
9	0	1
9	1	2
9	3	3
0	4	4
4	4	6
6	4	4
4	4	9
10	5	0
10	5	4
10	5	6
10	5	4
10	5	9
10	6	0
10	7	9
0	0	1
0	1	11
0	2	3
6	0	1
6	1	12
6	2	11
6	3	8
9	0	1
9	1	11
9	3	3
0	4	6
6	4	9
13	5	0
13	5	6
13	5	9
13	6	0
13	7	9
0	0	1
0	1	14
0	2	15
9	0	1
9	1	14
9	8	16
0	0	1
0	1	17
0	2	18
19	0	1
19	1	14
19	8	16
9	0	1
9	1	17
9	3	18
0	4	9
9	4	0
0	4	19
19	4	9
20	5	0
20	5	9
20	5	0
20	5	19
20	5	9
20	6	0
20	7	9
0	0	1
0	1	21
0	2	15
9	0	1
9	1	21
9	8	16
0	0	1
0	1	17
0	2	18
19	0	1
19	1	21
19	8	16
9	0	1
9	1	17
9	3	18
0	4	9
9	4	0
0	4	19
19	4	9
22	5	0
22	5	9
22	5	0
22	5	19
22	5	9
22	6	0
22	7	9
23	0	1
23	1	24
23	8	25
0	0	1
0	1	17
0	2	24
19	0	1
19	1	26
19	9	17
23	4	0
0	4	19
27	5	23
27	5	0
27	5	19
27	6	23
27	7	19
0	0	1
0	1	28
0	2	28
4	0	1
4	1	29
30	0	1
30	1	31
32	0	1
32	1	31
4	0	1
4	1	29
0	4	4
4	4	30
30	4	32
32	4	4
33	5	0
33	5	4
33	5	30
33	5	32
33	5	4
33	6	0
33	7	4
0	0	1
0	1	34
0	2	28
9	0	1
9	1	34
9	8	16
0	0	1
0	1	17
0	2	18
19	0	1
19	1	34
19	8	16
9	0	1
9	1	17
9	3	18
0	4	9
9	4	0
0	4	19
19	4	9
35	5	0
35	5	9
35	5	0
35	5	19
35	5	9
35	6	0
35	7	9
0	0	1
0	1	36
0	2	28
9	0	1
9	1	36
9	8	16
0	0	1
0	1	17
0	2	18
19	0	1
19	1	36
19	9	17
9	0	1
9	1	17
9	3	18
0	4	9
9	4	0
0	4	19
19	4	9
37	5	0
37	5	9
37	5	0
37	5	19
37	5	9
37	6	0
37	7	9
0	0	1
0	1	38
0	2	28
4	0	1
4	1	29
30	0	1
30	1	38
4	0	1
4	1	29
0	4	4
4	4	30
30	4	4
39	5	0
39	5	4
39	5	30
39	5	4
39	6	0
39	7	4
0	0	1
0	1	40
0	2	28
4	0	1
4	1	29
30	0	1
30	1	40
4	0	1
4	1	29
0	4	4
4	4	30
30	4	4
41	5	0
41	5	4
41	5	30
41	5	4
41	6	0
41	7	4
0	0	1
0	1	42
0	2	28
9	0	1
9	1	42
9	8	16
0	0	1
0	1	17
0	2	18
19	0	1
19	1	42
19	8	16
9	0	1
9	1	17
9	3	18
0	4	9
9	4	0
0	4	19
19	4	9
43	5	0
43	5	9
43	5	0
43	5	19
43	5	9
43	6	0
43	7	9
0	0	1
0	1	44
0	2	28
9	0	1
9	1	44
9	8	16
0	0	1
0	1	17
0	2	18
19	0	1
19	1	44
19	8	16
9	0	1
9	1	17
9	3	18
0	4	9
9	4	0
0	4	19
19	4	9
45	5	0
45	5	9
45	5	0
45	5	19
45	5	9
45	6	0
45	7	9
0	0	1
0	1	46
0	2	28
9	0	1
9	1	46
9	8	16
0	0	1
0	1	17
0	2	18
19	0	1
19	1	46
19	8	16
9	0	1
9	1	17
9	3	18
0	4	9
9	4	0
0	4	19
19	4	9
47	5	0
47	5	9
47	5	0
47	5	19
47	5	9
47	6	0
47	7	9
0	0	1
0	1	48
0	2	28
9	0	1
9	1	48
9	8	16
0	0	1
0	1	17
0	2	18
19	0	1
19	1	48
19	8	16
9	0	1
9	1	17
9	3	18
0	4	9
9	4	0
0	4	19
19	4	9
49	5	0
49	5	9
49	5	0
49	5	19
49	5	9
49	6	0
49	7	9
0	0	1
0	1	50
0	2	28
9	0	1
9	1	50
9	8	16
0	0	1
0	1	17
0	2	18
19	0	1
19	1	50
19	8	16
9	0	1
9	1	17
9	3	18
0	4	9
9	4	0
0	4	19
19	4	9
51	5	0
51	5	9
51	5	0
51	5	19
51	5	9
51	6	0
51	7	9
0	0	1
0	1	52
0	2	3
4	0	1
4	1	53
6	0	1
6	1	54
6	2	52
6	3	8
4	0	1
4	1	53
9	0	1
9	1	52
9	3	3
0	4	4
4	4	6
6	4	4
4	4	9
55	5	0
55	5	4
55	5	6
55	5	4
55	5	9
55	6	0
55	7	9
0	0	1
0	1	56
0	2	28
9	0	1
9	1	56
9	8	16
0	0	1
0	1	17
0	2	18
19	0	1
19	1	56
19	9	17
9	0	1
9	1	17
9	3	18
0	4	9
9	4	0
0	4	19
19	4	9
57	5	0
57	5	9
57	5	0
57	5	19
57	5	9
57	6	0
57	7	9
0	0	1
0	1	58
0	2	15
9	0	1
9	1	58
9	8	16
0	0	1
0	1	17
0	2	18
19	0	1
19	1	58
19	9	17
9	0	1
9	1	17
9	3	18
0	4	9
9	4	0
0	4	19
19	4	9
59	5	0
59	5	9
59	5	0
59	5	19
59	5	9
59	6	0
59	7	9
0	0	1
0	1	60
0	2	28
9	0	1
9	1	60
9	8	16
0	0	1
0	1	17
0	10	18
19	0	1
19	1	60
19	8	16
9	0	1
9	1	17
9	3	18
0	4	9
9	4	0
0	4	19
19	4	9
61	5	0
61	5	9
61	5	0
61	5	19
61	5	9
61	6	0
61	7	9
0	0	1
0	1	62
0	2	3
4	0	1
4	1	63
6	0	1
6	1	64
6	2	62
6	3	8
4	0	1
4	1	63
9	0	1
9	1	62
9	8	3
0	4	4
4	4	6
6	4	4
4	4	9
65	5	0
65	5	4
65	5	6
65	5	4
65	5	9
65	6	0
65	7	9
0	0	1
0	1	66
0	2	28
4	0	1
4	1	29
30	0	1
30	1	66
4	0	1
4	1	29
0	4	4
4	4	30
30	4	4
67	5	0
67	5	4
67	5	30
67	5	4
67	6	0
67	7	4
0	0	1
0	1	68
0	2	28
9	0	1
9	1	68
9	8	16
0	0	1
0	1	17
0	2	18
19	0	1
19	1	68
19	8	16
9	0	1
9	1	17
9	3	18
0	4	9
9	4	0
0	4	19
19	4	9
69	5	0
69	5	9
69	5	0
69	5	19
69	5	9
69	6	0
69	7	9
0	0	1
0	1	34
0	2	28
4	0	1
4	1	29
30	0	1
30	1	34
4	0	1
4	1	29
0	4	4
4	4	30
30	4	4
70	5	0
70	5	4
70	5	30
70	5	4
70	6	0
70	7	4
0	0	1
0	1	71
0	2	28
4	0	1
4	1	29
30	0	1
30	1	71
4	0	1
4	1	29
0	4	4
4	4	30
30	4	4
72	5	0
72	5	4
72	5	30
72	5	4
72	6	0
72	7	4
0	0	1
0	1	73
0	2	28
4	0	1
4	1	29
30	0	1
30	1	73
4	0	1
4	1	29
0	4	4
4	4	30
30	4	4
74	5	0
74	5	4
74	5	30
74	5	4
74	6	0
74	7	4
0	0	1
0	1	75
0	2	28
9	0	1
9	1	75
9	8	16
0	0	1
0	1	17
0	2	18
19	0	1
19	1	75
19	8	16
9	0	1
9	1	17
9	3	18
0	4	9
9	4	0
0	4	19
19	4	9
76	5	0
76	5	9
76	5	0
76	5	19
76	5	9
76	6	0
76	7	9
0	0	1
0	1	77
0	2	28
9	0	1
9	1	77
9	8	16
0	0	1
0	1	17
0	2	18
19	0	1
19	1	77
19	8	16
9	0	1
9	1	17
9	3	18
0	4	9
9	4	0
0	4	19
19	4	9
78	5	0
78	5	9
78	5	0
78	5	19
78	5	9
78	6	0
78	7	9
0	0	1
0	1	79
0	2	28
9	0	1
9	1	79
9	8	16
0	0	1
0	1	17
0	2	18
19	0	1
19	1	79
19	8	16
9	0	1
9	1	17
9	3	18
0	4	9
9	4	0
0	4	19
19	4	9
80	5	0
80	5	9
80	5	0
80	5	19
80	5	9
80	6	0
80	7	9
0	0	1
0	1	31
0	2	28
9	0	1
9	1	31
9	8	16
0	0	1
0	1	17
0	2	18
19	0	1
19	1	31
19	8	16
9	0	1
9	1	17
9	3	18
0	4	9
9	4	0
0	4	19
19	4	9
81	5	0
81	5	9
81	5	0
81	5	19
81	5	9
81	6	0
81	7	9
0	0	1
0	1	82
0	2	3
4	0	1
4	1	83
4	0	1
6	1	82
6	3	8
4	0	1
4	1	83
9	0	1
9	1	82
9	3	3
0	4	4
4	4	6
6	4	4
4	4	9
84	5	0
84	5	4
84	5	6
84	5	4
84	5	9
84	6	0
84	7	9
0	0	1
0	1	85
0	2	28
9	0	1
9	1	85
9	8	16
0	0	1
0	1	17
0	2	18
19	0	1
19	1	85
19	9	17
9	0	1
9	1	17
9	3	18
0	4	9
9	4	0
0	4	19
19	4	9
86	5	0
86	5	9
86	5	0
86	5	19
86	5	9
86	6	0
86	7	9
0	0	1
0	1	66
0	2	15
9	0	1
9	1	66
9	8	16
0	0	1
0	1	17
0	2	18
19	0	1
19	1	66
19	8	16
9	0	1
9	1	17
9	3	18
0	4	9
9	4	0
0	4	9
19	4	9
87	5	0
87	5	9
87	5	0
87	5	19
87	5	9
87	6	0
87	7	9
0	0	1
0	1	88
0	2	28
9	0	1
9	1	88
9	8	16
0	0	1
0	1	17
0	2	18
19	0	1
19	1	88
19	8	16
9	0	1
9	1	17
9	3	18
0	4	9
9	4	0
0	4	19
19	4	9
89	5	0
89	5	9
89	5	0
89	5	19
89	5	9
89	6	0
89	7	9
0	0	1
0	1	90
0	2	3
4	0	1
4	1	91
6	0	1
6	1	92
6	2	90
6	3	8
4	0	1
4	1	91
9	0	1
9	1	90
9	8	3
0	4	4
4	4	6
6	4	4
4	4	9
93	5	0
93	5	4
93	5	6
93	5	4
93	5	9
93	6	0
93	7	9
0	0	1
0	1	21
0	2	28
4	0	1
4	1	29
30	0	1
30	1	21
4	0	1
4	1	29
0	4	4
4	4	30
30	4	4
94	5	0
94	5	4
94	5	30
94	5	4
94	6	0
94	7	4
0	0	1
0	1	38
0	2	28
9	0	1
9	1	38
9	8	16
0	0	1
0	1	17
0	2	18
19	0	1
19	1	38
19	8	16
9	0	1
9	1	17
9	3	18
0	4	9
9	4	0
0	4	19
19	4	9
95	5	0
95	5	9
95	5	0
95	5	19
95	5	9
95	6	0
95	7	9
0	0	1
0	1	68
0	2	28
4	0	1
4	1	29
30	0	1
30	1	68
4	0	1
4	1	29
0	4	4
4	4	30
30	4	4
96	5	0
96	5	4
96	5	30
96	5	4
96	6	0
96	7	4
0	0	1
0	1	56
0	2	28
4	0	1
4	1	29
30	0	1
30	1	56
4	0	1
4	1	29
0	4	4
4	4	30
30	4	4
97	5	0
97	5	4
97	5	30
97	5	4
97	6	0
97	7	4
0	0	1
0	1	98
0	2	28
9	0	1
9	1	98
9	8	16
0	0	1
0	1	17
0	2	18
19	0	1
19	1	98
19	8	16
9	0	1
9	1	17
9	3	18
0	4	9
9	4	0
0	4	19
19	4	9
99	5	0
99	5	9
99	5	0
99	5	19
99	5	9
99	6	0
99	7	9
0	0	1
0	1	100
0	2	28
9	0	1
9	1	100
9	8	16
0	0	1
0	1	17
0	2	18
19	0	1
19	1	100
19	8	16
9	0	1
9	1	17
9	3	18
0	4	9
9	4	0
0	4	19
19	4	9
101	5	0
101	5	9
101	5	0
101	5	19
101	5	9
101	6	0
101	7	9
0	0	1
0	1	102
0	2	28
9	0	1
9	1	102
9	8	16
0	0	1
0	1	17
0	2	18
19	0	1
19	1	102
19	8	16
9	0	1
9	1	17
9	3	18
0	4	9
9	4	0
0	4	19
19	4	9
103	5	0
103	5	9
103	5	0
103	5	19
103	5	9
103	6	0
103	7	9
0	0	1
0	1	104
0	2	28
9	0	1
9	1	104
9	8	16
0	0	1
0	1	17
0	2	18
19	0	1
19	1	104
19	8	16
9	0	1
9	1	17
9	3	18
0	4	9
9	4	0
0	4	19
19	4	9
105	5	0
105	5	9
105	5	0
105	5	19
105	5	9
105	6	0
105	7	9
0	0	1
0	1	106
0	2	28
9	0	1
9	1	106
9	8	16
0	0	1
0	1	17
0	2	18
19	0	1
19	1	106
19	8	16
9	0	1
9	1	17
9	3	18
0	4	9
9	4	0
0	4	19
19	4	9
107	5	0
107	5	9
107	5	0
107	5	19
107	5	9
107	6	0
107	7	9
0	0	1
0	1	108
0	2	15
6	0	1
6	1	109
6	2	108
6	3	110
9	0	1
9	1	110
9	8	111
0	4	6
6	4	9
112	5	0
112	5	6
112	5	9
112	6	0
112	7	9
0	0	1
0	1	113
0	2	15
4	0	1
4	1	114
4	2	113
9	0	1
9	1	114
9	8	111
6	0	1
6	1	109
6	2	113
6	3	110
9	0	1
9	1	110
9	8	111
0	4	4
4	4	9
9	4	6
6	4	9
115	5	0
115	5	4
115	5	9
115	5	6
115	5	9
115	6	0
115	7	9
0	0	1
0	1	116
0	2	15
4	0	1
4	1	114
4	2	116
9	0	1
9	1	114
9	8	111
6	0	1
6	1	117
6	2	116
6	3	110
9	0	1
9	1	110
9	8	111
0	4	4
4	4	9
9	4	6
6	4	9
118	5	0
118	5	4
118	5	9
118	5	6
118	5	9
118	6	0
118	7	9
0	0	1
0	1	119
0	2	15
120	0	1
120	1	121
120	2	119
6	0	1
6	1	117
6	2	119
6	3	110
9	0	1
9	1	110
9	8	111
0	4	120
120	4	6
6	4	9
122	5	0
122	5	120
122	5	6
122	5	9
122	6	0
122	7	9
0	0	1
0	1	123
0	2	15
4	0	1
4	1	114
4	2	123
9	0	1
9	1	114
9	8	111
6	0	1
6	1	124
6	2	123
6	3	110
9	0	1
9	1	110
9	8	111
0	4	4
4	4	9
9	4	6
6	4	9
125	5	0
125	5	4
125	5	9
125	5	6
125	5	9
125	6	0
125	7	9
0	0	1
0	1	126
0	2	15
120	0	1
120	1	121
120	2	126
6	0	1
6	1	124
6	2	126
6	3	110
9	0	1
9	1	110
9	8	111
0	4	120
120	4	6
6	4	9
127	5	0
127	5	120
127	5	6
127	5	9
127	6	0
127	7	9
0	0	1
0	1	110
0	2	111
9	0	1
9	1	110
9	11	128
0	0	1
0	1	128
0	2	111
6	0	1
6	1	129
6	2	128
6	3	110
9	0	1
9	1	128
9	8	111
0	4	9
9	4	0
0	4	6
6	4	9
130	5	0
130	5	9
130	5	0
130	5	6
130	5	9
130	6	0
130	7	9
0	0	1
0	1	131
0	2	15
4	0	1
4	1	114
4	2	131
9	0	1
9	1	114
9	8	111
6	0	1
6	1	132
6	2	131
6	3	110
9	0	1
9	1	110
9	8	111
0	4	4
4	4	9
9	4	6
6	4	9
133	5	0
133	5	4
133	5	9
133	5	6
133	5	9
133	6	0
133	7	9
0	0	1
0	1	134
0	2	15
23	0	1
23	1	134
6	0	1
6	1	132
6	2	134
6	3	110
135	0	1
135	1	134
9	0	1
9	1	134
9	3	15
9	0	1
9	1	110
9	8	111
0	4	23
23	4	6
6	4	135
135	4	9
9	4	9
136	5	0
136	5	23
136	5	9
136	5	6
136	5	9
136	5	135
136	6	0
136	7	9
0	0	1
0	1	128
0	2	111
6	0	1
6	1	129
6	3	128
9	0	1
9	1	128
9	8	137
0	4	6
6	4	9
138	5	0
138	5	6
138	5	9
138	6	0
138	7	9
0	0	1
0	1	8
0	2	111
9	0	1
9	1	8
9	8	139
0	0	1
0	1	140
0	2	15
6	0	1
6	1	140
6	3	8
141	0	1
141	1	142
141	2	8
143	0	1
143	1	140
143	10	8
141	0	1
141	1	142
141	2	8
6	0	1
6	1	140
6	3	144
0	4	9
9	4	0
0	4	6
6	4	141
141	4	143
143	4	141
141	4	6
145	5	0
145	5	9
145	5	0
145	5	6
145	5	141
145	5	143
145	5	141
145	5	6
145	6	0
145	7	6
0	0	1
0	1	146
0	2	147
9	0	1
9	1	146
9	11	148
0	0	1
0	1	149
0	2	15
9	0	1
9	1	149
9	3	146
6	0	1
6	1	150
6	3	146
6	2	128
143	0	1
143	1	149
143	10	146
6	0	1
6	1	150
6	2	146
6	3	148
9	0	1
9	1	146
9	3	147
141	0	1
141	1	142
141	8	147
0	4	9
9	4	0
0	4	9
9	4	6
6	4	143
143	4	6
6	4	9
9	4	141
151	5	0
151	5	9
151	5	0
151	5	9
151	5	6
151	5	143
151	5	6
151	5	9
151	5	141
151	6	0
151	7	141
0	0	1
0	1	8
0	2	139
9	0	1
9	1	8
9	8	139
0	0	1
0	1	152
0	2	15
153	0	1
153	1	152
153	10	144
6	0	1
6	1	152
6	3	8
141	0	1
141	1	142
141	2	8
143	0	1
143	1	154
143	10	8
141	0	1
141	1	142
141	2	8
6	0	1
6	1	154
6	3	144
0	4	9
9	4	0
0	4	153
153	4	6
6	4	141
141	4	143
143	4	141
141	4	6
155	5	0
155	5	9
155	5	0
155	5	153
155	5	6
155	5	141
155	5	143
155	5	141
155	5	6
155	6	0
155	7	6
0	0	1
0	1	144
0	2	25
9	0	1
9	1	144
9	3	148
30	0	1
30	1	144
30	10	148
0	0	1
0	1	144
0	2	148
9	0	1
9	1	144
9	8	3
0	0	1
0	1	156
0	2	3
157	0	1
157	1	144
9	0	1
9	1	156
9	8	3
9	0	1
9	1	144
9	3	158
0	4	9
9	4	30
30	4	0
0	4	9
9	4	0
0	4	157
157	4	9
9	4	9
159	5	0
159	5	9
159	5	30
159	5	0
159	5	9
159	5	0
159	5	157
159	5	9
159	5	9
159	6	0
159	7	9
0	0	1
0	1	8
0	2	139
9	0	1
9	1	8
9	3	148
30	0	1
30	1	8
30	10	148
0	0	1
0	1	8
0	2	148
9	0	1
9	1	8
9	8	139
0	0	1
0	1	156
0	2	3
157	0	1
157	1	8
9	0	1
9	1	156
9	8	3
9	0	1
9	1	8
9	3	158
0	4	9
9	4	30
30	4	0
0	4	9
9	4	0
0	4	157
157	4	9
9	4	9
160	5	0
160	5	9
160	5	30
160	5	0
160	5	9
160	5	0
160	5	157
160	5	9
160	5	9
160	6	0
160	7	9
0	0	1
0	1	161
0	2	25
9	0	1
9	1	161
9	3	148
30	0	1
30	1	161
30	10	148
0	0	1
0	1	161
0	2	148
9	0	1
9	1	161
9	8	3
0	0	1
0	1	156
0	2	3
157	0	1
157	1	161
9	0	1
9	1	156
9	8	111
9	0	1
9	1	161
9	3	158
0	4	9
9	4	30
30	4	0
0	4	9
9	4	0
0	4	157
157	4	9
9	4	9
162	5	0
162	5	9
162	5	30
162	5	0
162	5	9
162	5	0
162	5	157
162	5	9
162	5	9
162	6	0
162	7	9
0	0	1
0	1	146
0	2	147
9	0	1
9	1	146
9	11	148
0	0	1
0	1	149
0	2	15
9	0	1
9	1	149
9	3	146
6	0	1
6	1	129
6	3	146
6	2	128
143	0	1
143	1	149
143	10	146
6	0	1
6	1	129
6	2	146
6	3	148
9	0	1
9	1	146
9	3	147
141	0	1
141	1	142
141	8	147
0	4	9
9	4	0
0	4	9
9	4	6
6	4	143
143	4	6
6	4	9
9	4	141
163	5	0
163	5	9
163	5	0
163	5	9
163	5	6
163	5	143
163	5	6
163	5	9
163	5	141
163	6	0
163	7	141
0	0	1
0	1	146
0	2	147
9	0	1
9	1	146
9	11	148
0	0	1
0	1	164
0	2	15
9	0	1
9	1	164
9	3	146
6	0	1
6	1	129
6	3	146
6	2	128
143	0	1
143	1	164
143	10	146
6	0	1
6	1	129
6	2	146
6	3	148
9	0	1
9	1	146
9	3	147
0	0	1
0	1	165
0	2	15
9	0	1
9	1	165
9	3	146
141	0	1
141	1	142
141	8	147
0	4	9
9	4	0
0	4	9
9	4	6
6	4	143
143	4	6
6	4	9
9	4	0
0	4	9
9	4	141
166	5	0
166	5	9
166	5	0
166	5	9
166	5	6
166	5	143
166	5	6
166	5	9
166	5	0
166	5	9
166	5	141
166	6	0
166	7	141
0	0	1
0	1	146
0	2	147
9	0	1
9	1	146
9	11	148
0	0	1
0	1	167
0	2	15
9	0	1
9	1	167
9	3	146
6	0	1
6	1	129
6	3	146
6	2	128
143	0	1
143	1	167
143	10	146
6	0	1
6	1	129
6	2	146
6	3	148
9	0	1
9	1	146
9	3	147
0	0	1
0	1	165
0	2	15
9	0	1
9	1	165
9	3	146
141	0	1
141	1	142
141	8	147
0	4	9
9	4	0
0	4	9
9	4	6
6	4	143
143	4	6
6	4	9
9	4	0
0	4	9
9	4	141
168	5	0
168	5	9
168	5	0
168	5	9
168	5	6
168	5	143
168	5	6
168	5	9
168	5	0
168	5	9
168	5	141
168	6	0
168	7	141
0	0	1
0	1	169
0	2	15
9	0	1
9	1	169
9	3	148
143	0	1
143	1	169
143	10	148
0	0	1
0	1	169
0	2	148
9	0	1
9	1	169
9	3	28
0	0	1
0	1	8
0	2	3
9	0	1
9	1	8
9	8	139
0	0	1
0	1	170
0	2	3
6	0	1
6	1	82
6	2	170
6	3	8
9	0	1
9	1	170
9	8	3
0	0	1
0	1	169
0	2	28
9	0	1
9	1	169
9	3	8
143	0	1
143	1	169
143	10	8
0	0	1
0	1	171
0	2	158
0	11	8
0	0	1
0	1	172
0	2	3
6	0	1
6	1	7
6	2	172
6	3	8
9	0	1
9	1	172
9	8	3
143	0	1
143	1	169
143	10	8
0	0	1
0	1	8
0	2	139
6	0	1
6	1	169
6	2	8
6	3	171
0	4	9
9	4	143
143	4	0
0	4	9
9	4	0
0	4	9
9	4	0
0	4	6
6	4	9
9	4	0
0	4	9
9	4	143
143	4	0
0	4	0
0	4	6
6	4	9
9	4	143
143	4	0
0	4	6
173	5	0
173	5	9
173	5	143
173	5	0
173	5	9
173	5	0
173	5	9
173	5	0
173	5	6
173	5	9
173	5	0
173	5	9
173	5	143
173	5	0
173	5	0
173	5	6
173	5	9
173	5	143
173	5	0
173	5	6
173	6	0
173	7	6
0	0	1
0	1	34
0	2	15
9	0	1
9	1	34
9	3	148
143	0	1
143	1	34
143	10	148
0	0	1
0	1	34
0	2	148
9	0	1
9	1	34
9	3	28
0	0	1
0	1	8
0	2	3
9	0	1
9	1	8
9	8	139
0	0	1
0	1	170
0	2	3
6	0	1
6	1	82
6	2	170
6	3	8
9	0	1
9	1	170
9	8	3
0	0	1
0	1	34
0	2	28
9	0	1
9	1	34
9	3	8
143	0	1
143	1	34
143	10	8
0	0	1
0	1	171
0	2	158
0	11	8
0	0	1
0	1	172
0	2	3
6	0	1
6	1	7
6	2	172
6	3	8
9	0	1
9	1	172
9	8	3
143	0	1
143	1	34
143	10	8
0	0	1
0	1	8
0	2	139
6	0	1
6	1	34
6	2	8
6	3	171
0	4	9
9	4	143
143	4	0
0	4	9
9	4	0
0	4	9
9	4	0
0	4	6
6	4	9
9	4	0
0	4	9
9	4	143
143	4	0
0	4	0
0	4	6
6	4	9
9	4	143
143	4	0
0	4	6
174	5	0
174	5	9
174	5	143
174	5	0
174	5	9
174	5	0
174	5	9
174	5	0
174	5	6
174	5	9
174	5	0
174	5	9
174	5	143
174	5	0
174	5	0
174	5	6
174	5	9
174	5	143
174	5	0
174	5	6
174	6	0
174	7	6
0	0	1
0	1	175
0	2	15
9	0	1
9	1	175
9	3	148
143	0	1
143	1	175
143	10	148
0	0	1
0	1	175
0	2	148
9	0	1
9	1	175
9	3	28
0	0	1
0	1	8
0	2	3
9	0	1
9	1	8
9	8	139
176	0	1
176	1	170
176	2	3
6	0	1
6	1	82
6	2	170
6	3	8
9	0	1
9	1	170
9	8	3
0	0	1
0	1	175
0	2	28
9	0	1
9	1	177
9	3	8
143	0	1
143	1	175
143	10	8
0	0	1
0	1	171
0	2	158
0	11	8
0	0	1
0	1	172
0	2	3
6	0	1
6	1	7
6	2	172
6	3	8
9	0	1
9	1	172
9	8	3
143	0	1
143	1	175
143	10	8
0	0	1
0	1	8
0	2	139
6	0	1
6	1	175
6	2	8
6	3	171
0	4	9
9	4	143
143	4	0
0	4	9
9	4	0
0	4	9
9	4	176
176	4	6
6	4	9
9	4	0
0	4	9
9	4	143
143	4	0
0	4	0
0	4	6
6	4	9
9	4	143
143	4	0
0	4	6
178	5	0
178	5	9
178	5	143
178	5	0
178	5	9
178	5	0
178	5	9
178	5	176
178	5	6
178	5	9
178	5	0
178	5	9
178	5	143
178	5	0
178	5	0
178	5	6
178	5	9
178	5	143
178	5	0
178	5	6
178	6	0
178	7	6
0	0	1
0	1	152
0	2	15
9	0	1
9	1	152
9	11	144
153	0	1
153	1	152
153	10	144
0	0	1
0	1	179
0	2	158
143	0	1
143	1	152
143	10	144
9	0	1
9	1	179
9	8	158
0	0	1
0	1	8
0	2	3
9	0	1
9	1	8
9	8	139
0	0	1
0	1	170
0	2	3
6	0	1
6	1	82
6	2	170
6	3	8
9	0	1
9	1	170
9	8	3
0	0	1
0	1	144
0	2	158
6	0	1
6	1	152
6	3	8
6	2	144
143	0	1
143	1	152
143	10	8
0	0	1
0	1	171
0	2	158
180	0	1
180	1	171
180	11	8
0	0	1
0	1	172
0	2	3
6	0	1
6	1	7
6	2	172
6	3	8
9	0	1
9	1	172
9	8	3
143	0	1
143	1	152
143	10	8
0	0	1
0	1	8
0	2	139
6	0	1
6	1	152
6	2	8
6	3	171
0	4	9
9	4	153
153	4	0
0	4	143
143	4	9
9	4	0
0	4	9
9	4	0
0	4	6
6	4	9
9	4	0
0	4	6
6	4	143
143	4	0
0	4	180
180	4	0
0	4	6
6	4	9
9	4	143
143	4	0
0	4	6
181	5	0
181	5	9
181	5	153
181	5	0
181	5	143
181	5	9
181	5	0
181	5	9
181	5	0
181	5	6
181	5	9
181	5	0
181	5	6
181	5	143
181	5	0
181	5	180
181	5	0
181	5	6
181	5	9
181	5	143
181	5	0
181	5	6
181	6	0
181	7	6
0	0	1
0	1	152
0	2	15
6	0	1
6	1	152
6	11	144
153	0	1
153	1	152
153	10	144
0	0	1
0	1	179
0	2	158
143	0	1
143	1	152
143	10	144
9	0	1
9	1	179
9	8	158
0	0	1
0	1	177
0	2	15
6	0	1
6	1	177
6	3	148
143	0	1
143	1	177
143	10	148
0	0	1
0	1	177
0	2	148
9	0	1
9	1	177
9	3	28
0	0	1
0	1	8
0	2	3
9	0	1
9	1	8
9	8	139
0	0	1
0	1	170
0	2	3
6	0	1
6	1	82
6	2	170
6	3	8
9	0	1
9	1	170
9	8	3
6	0	1
6	1	177
6	3	8
6	2	28
143	0	1
143	1	177
143	10	8
0	0	1
0	1	144
0	2	158
6	0	1
6	1	152
6	3	8
6	2	144
143	0	1
143	1	152
143	10	8
0	0	1
0	1	171
0	2	158
180	0	1
180	1	171
180	11	8
0	0	1
0	1	172
0	2	111
6	0	1
6	1	7
6	2	172
6	3	8
9	0	1
9	1	172
9	8	111
143	0	1
143	1	152
143	10	8
0	0	1
0	1	8
0	2	139
6	0	1
6	1	152
6	2	8
6	3	171
0	4	6
6	4	153
153	4	0
0	4	143
143	4	9
9	4	0
0	4	6
6	4	143
143	4	0
0	4	9
9	4	0
0	4	9
9	4	0
0	4	6
6	4	9
9	4	6
6	4	143
143	4	0
0	4	6
6	4	143
143	4	0
0	4	180
180	4	0
0	4	6
6	4	9
9	4	143
143	4	0
0	4	6
182	5	0
182	5	6
182	5	153
182	5	0
182	5	143
182	5	9
182	5	0
182	5	6
182	5	143
182	5	0
182	5	9
182	5	0
182	5	9
182	5	0
182	5	6
182	5	9
182	5	6
182	5	143
182	5	0
182	5	6
182	5	143
182	5	0
182	5	180
182	5	0
182	5	6
182	5	9
182	5	143
182	5	0
182	5	6
182	6	0
182	7	6
0	0	1
0	1	152
0	2	15
9	0	1
9	1	152
9	11	144
153	0	1
153	1	152
153	10	144
0	0	1
0	1	179
0	2	158
143	0	1
143	1	152
143	10	144
9	0	1
9	1	179
9	8	3
0	0	1
0	1	34
0	2	15
9	0	1
9	1	34
9	3	148
143	0	1
143	1	34
143	10	148
0	0	1
0	1	34
0	2	148
9	0	1
9	1	34
9	3	28
0	0	1
0	1	8
0	2	3
9	0	1
9	1	8
9	8	139
0	0	1
0	1	170
0	2	3
6	0	1
6	1	82
6	2	170
6	3	8
9	0	1
9	1	170
9	8	3
6	0	1
6	1	34
6	3	8
6	2	28
143	0	1
143	1	34
143	10	8
0	0	1
0	1	144
0	2	158
6	0	1
6	1	152
6	3	8
6	2	144
143	0	1
143	1	152
143	10	8
0	0	1
0	1	171
0	2	158
9	0	1
9	1	171
9	11	8
0	0	1
0	1	172
0	2	3
6	0	1
6	1	7
6	2	172
6	3	8
9	0	1
9	1	172
9	8	3
143	0	1
143	1	152
143	10	8
0	0	1
0	1	8
0	2	139
6	0	1
6	1	152
6	2	8
6	3	171
0	4	9
9	4	153
153	4	0
0	4	143
143	4	9
9	4	0
0	4	9
9	4	143
143	4	0
0	4	9
9	4	0
0	4	9
9	4	0
0	4	6
6	4	9
9	4	6
6	4	143
143	4	0
0	4	6
6	4	143
143	4	0
0	4	9
9	4	0
0	4	6
6	4	9
9	4	143
143	4	0
0	4	6
183	5	0
183	5	9
183	5	153
183	5	0
183	5	143
183	5	9
183	5	0
183	5	9
183	5	143
183	5	0
183	5	9
183	5	0
183	5	9
183	5	0
183	5	6
183	5	9
183	5	6
183	5	143
183	5	0
183	5	6
183	5	143
183	5	0
183	5	9
183	5	0
183	5	6
183	5	9
183	5	143
183	5	0
183	5	6
183	6	0
183	7	6
0	0	1
0	1	152
0	2	15
9	0	1
9	1	152
9	11	144
153	0	1
153	1	152
153	10	144
0	0	1
0	1	179
0	2	158
143	0	1
143	1	152
143	10	144
9	0	1
9	1	179
9	8	3
0	0	1
0	1	79
0	2	15
9	0	1
9	1	79
9	3	148
143	0	1
143	1	79
143	10	148
0	0	1
0	1	79
0	2	148
9	0	1
9	1	79
9	3	28
0	0	1
0	1	8
0	2	3
9	0	1
9	1	8
9	8	139
0	0	1
0	1	170
0	2	3
6	0	1
6	1	82
6	2	170
6	3	8
9	0	1
9	1	170
9	8	3
6	0	1
6	1	79
6	3	8
6	2	28
143	0	1
143	1	79
143	10	8
0	0	1
0	1	144
0	2	158
6	0	1
6	1	152
6	3	8
6	2	144
143	0	1
143	1	152
143	10	8
0	0	1
0	1	171
0	2	158
9	0	1
9	1	171
9	11	8
0	0	1
0	1	172
0	2	3
6	0	1
6	1	7
6	2	172
6	3	8
9	0	1
9	1	172
9	8	3
143	0	1
143	1	152
143	10	8
0	0	1
0	1	8
0	2	139
6	0	1
6	1	152
6	2	8
6	3	171
0	4	9
9	4	153
153	4	0
0	4	143
143	4	9
9	4	0
0	4	9
9	4	143
143	4	0
0	4	9
9	4	0
0	4	9
9	4	0
0	4	6
6	4	9
9	4	6
6	4	143
143	4	0
0	4	6
6	4	143
143	4	0
0	4	9
9	4	0
0	4	6
6	4	9
9	4	143
143	4	0
0	4	6
184	5	0
184	5	9
184	5	153
184	5	0
184	5	143
184	5	9
184	5	0
184	5	9
184	5	143
184	5	0
184	5	9
184	5	0
184	5	9
184	5	0
184	5	6
184	5	9
184	5	6
184	5	143
184	5	0
184	5	6
184	5	143
184	5	0
184	5	9
184	5	0
184	5	6
184	5	9
184	5	143
184	5	0
184	5	6
184	6	0
184	7	6
0	0	1
0	1	185
0	2	186
9	0	1
9	1	185
9	8	187
141	0	1
141	1	188
141	8	189
0	4	9
9	4	141
190	5	0
190	6	0
190	5	9
190	5	141
190	7	141
0	0	1
0	1	191
0	2	192
9	0	1
9	1	191
9	3	193
0	0	1
0	1	194
0	2	195
4	0	1
4	1	191
9	0	1
9	1	194
9	3	195
0	4	9
9	4	0
0	4	4
4	4	9
196	6	0
196	5	0
196	5	9
196	5	0
196	5	4
196	5	9
196	7	9
0	0	1
0	1	197
0	2	192
9	0	1
9	1	191
9	3	193
0	0	1
0	1	198
0	2	195
4	0	1
4	1	197
9	0	1
9	1	198
9	3	195
0	4	9
9	4	0
0	4	4
4	4	9
199	5	0
199	6	0
199	5	9
199	5	0
199	5	4
199	5	9
199	7	9
0	0	1
0	1	200
0	2	192
9	0	1
9	1	200
9	3	193
0	0	1
0	1	201
0	2	195
4	0	1
4	1	197
9	0	1
9	1	201
9	3	195
0	4	9
9	4	0
0	4	4
4	4	9
202	6	0
202	5	0
202	5	9
202	5	0
202	5	4
202	5	9
202	7	9
0	0	1
0	1	203
0	2	204
0	0	1
0	1	17
0	2	18
19	0	1
19	1	203
19	8	16
9	0	1
9	1	17
9	8	111
0	4	0
0	4	19
19	4	9
205	6	0
205	5	0
205	5	0
205	5	19
205	5	9
205	7	9
0	0	1
0	1	206
0	2	204
0	0	1
0	1	17
0	2	18
19	0	1
19	1	206
19	8	16
9	0	1
9	1	17
9	8	18
0	4	0
0	4	19
19	4	9
207	5	0
207	6	0
207	5	0
207	5	19
207	5	9
207	7	9
0	0	1
0	1	208
0	2	186
9	0	1
9	1	208
9	8	187
141	0	1
141	1	209
141	10	210
0	4	9
9	4	141
211	5	0
211	6	0
211	5	9
211	5	141
211	7	141
0	0	1
0	1	212
0	2	192
9	0	1
9	1	212
9	3	193
0	0	1
0	1	213
0	2	195
4	0	1
4	1	197
9	0	1
9	1	213
9	3	195
0	4	9
9	4	0
0	4	4
4	4	9
214	5	0
214	6	0
214	5	9
214	5	0
214	5	4
214	5	9
214	7	9
23	0	1
23	1	215
23	10	216
0	0	1
0	1	217
0	2	218
9	0	1
9	1	217
9	3	219
135	0	1
135	1	215
135	8	216
23	4	0
0	4	9
9	4	135
220	5	23
220	6	23
220	5	0
220	5	9
220	5	135
220	7	135
0	0	1
0	1	221
0	2	218
222	0	1
222	1	221
222	10	223
0	4	222
224	5	0
224	5	222
224	6	0
224	7	222
0	0	1
0	1	225
0	2	218
180	0	1
180	1	225
180	8	226
227	0	1
227	1	228
227	10	229
0	4	180
180	4	227
230	5	0
230	6	0
230	5	180
230	5	227
230	7	227
0	0	1
0	1	231
0	2	218
9	0	1
9	1	231
9	8	226
141	0	1
141	1	232
141	10	233
0	4	9
9	4	141
234	5	0
234	6	0
234	5	9
234	5	141
234	7	141
0	0	1
0	1	235
0	2	218
9	0	1
9	1	236
9	8	237
0	0	1
0	1	238
0	2	237
239	0	1
239	1	240
239	2	218
9	0	1
9	1	240
9	8	235
9	0	1
9	1	238
9	8	237
0	0	1
0	1	241
0	2	237
23	0	1
23	1	241
9	0	1
9	1	241
9	8	237
0	0	1
0	1	242
0	2	243
244	0	1
244	1	245
244	8	240
9	0	1
9	1	242
9	8	243
0	0	1
0	1	238
0	2	237
239	0	1
239	1	246
239	2	218
9	0	1
9	1	246
9	8	240
239	0	1
239	1	247
239	2	218
9	0	1
9	1	247
9	8	246
9	0	1
9	1	238
9	8	237
0	0	1
0	1	242
0	2	243
244	0	1
244	1	245
244	8	247
9	0	1
9	1	242
9	8	243
0	0	1
0	1	238
0	2	237
239	0	1
239	1	248
239	2	218
9	0	1
9	1	248
9	8	247
239	0	1
239	1	249
239	2	218
9	0	1
9	1	249
9	8	248
239	0	1
239	1	250
239	2	218
9	0	1
9	1	250
9	8	249
141	0	1
141	1	250
239	0	1
239	1	251
239	2	236
9	0	1
9	1	251
9	8	252
253	0	1
253	1	252
0	4	9
9	4	0
0	4	239
239	4	9
9	4	9
9	4	0
0	4	23
23	4	9
9	4	0
0	4	244
244	4	9
9	4	0
0	4	239
239	4	9
9	4	239
239	4	9
9	4	9
9	4	0
0	4	244
244	4	9
9	4	0
0	4	239
239	4	9
9	4	239
239	4	9
9	4	239
239	4	9
9	4	141
141	4	239
239	4	9
9	4	253
254	5	0
254	6	0
254	5	9
254	5	0
254	5	239
254	5	9
254	5	9
254	5	0
254	5	23
254	5	9
254	5	0
254	5	244
254	5	9
254	5	0
254	5	239
254	5	9
254	5	239
254	5	9
254	5	9
254	5	0
254	5	244
254	5	9
254	5	0
254	5	239
254	5	9
254	5	239
254	5	9
254	5	239
254	5	9
254	5	141
254	5	239
254	5	9
254	5	253
254	7	253
0	0	1
0	1	255
0	2	237
23	0	1
23	1	255
0	0	1
0	1	256
0	2	236
244	0	1
244	1	257
244	10	258
9	0	1
9	1	256
9	8	236
0	0	1
0	1	259
0	2	237
23	0	1
23	1	259
0	0	1
0	1	242
0	2	236
244	0	1
244	1	260
244	10	258
9	0	1
9	1	242
9	8	236
0	0	1
0	1	261
0	2	236
143	0	1
143	1	262
143	10	258
9	0	1
9	1	261
9	8	236
0	4	23
23	4	0
0	4	244
244	4	9
9	4	0
0	4	23
23	4	0
0	4	244
244	4	9
9	4	0
0	4	143
143	4	9
263	5	0
263	6	0
263	5	23
263	5	0
263	5	244
263	5	9
263	5	0
263	5	23
263	5	0
263	5	244
263	5	9
263	5	0
263	5	143
263	5	9
263	7	9
0	0	1
0	1	264
0	2	237
23	0	1
23	1	264
0	0	1
0	1	256
0	2	236
244	0	1
244	1	265
244	10	258
9	0	1
9	1	256
9	8	236
0	0	1
0	1	266
0	2	237
23	0	1
23	1	266
0	0	1
0	1	242
0	2	236
244	0	1
244	1	267
244	10	258
9	0	1
9	1	242
9	8	236
0	0	1
0	1	261
0	2	236
143	0	1
143	1	262
143	10	258
9	0	1
9	1	261
9	8	236
0	4	23
23	4	0
0	4	244
244	4	9
9	4	0
0	4	23
23	4	0
0	4	244
244	4	9
9	4	0
0	4	143
143	4	9
268	5	0
268	6	0
268	5	23
268	5	0
268	5	244
268	5	9
268	5	0
268	5	23
268	5	0
268	5	244
268	5	9
268	5	0
268	5	143
268	5	9
268	7	9
0	0	1
0	1	269
0	2	237
23	0	1
23	1	269
0	0	1
0	1	256
0	2	236
244	0	1
244	1	270
244	10	258
9	0	1
9	1	256
9	8	236
0	0	1
0	2	271
0	8	237
23	0	1
23	1	271
0	0	1
0	1	242
0	2	236
244	0	1
244	1	272
244	10	258
9	0	1
9	1	242
9	8	236
0	0	1
0	1	261
0	2	236
143	0	1
143	1	262
143	10	258
9	0	1
9	1	261
9	8	236
0	4	23
23	4	0
0	4	244
244	4	9
9	4	0
0	4	23
23	4	0
0	4	244
244	4	9
9	4	0
0	4	143
143	4	9
273	5	0
273	6	0
273	5	23
273	5	0
273	5	244
273	5	9
273	5	0
273	5	23
273	5	0
273	5	244
273	5	9
273	5	0
273	5	143
273	5	9
273	7	9
0	0	1
0	1	274
0	2	15
4	0	1
4	1	114
6	0	1
6	1	275
6	3	110
4	0	1
4	1	114
9	0	1
9	1	274
9	3	15
0	4	4
4	4	6
6	4	4
4	4	9
276	5	0
276	6	0
276	5	4
276	5	6
276	5	4
276	5	9
276	7	9
0	0	1
0	1	68
0	2	15
9	0	1
9	1	68
9	3	28
0	4	9
277	5	0
277	6	0
277	5	9
277	7	9
0	0	1
0	1	38
0	2	15
9	0	1
9	1	38
9	3	28
0	4	9
278	5	0
278	6	0
278	5	9
278	7	9
0	0	1
0	1	279
0	2	280
9	0	1
9	1	279
9	3	28
0	4	9
281	5	0
281	6	0
281	5	9
281	7	9
0	0	1
0	1	282
0	2	15
9	0	1
9	1	282
9	3	28
0	4	9
283	5	0
283	5	9
283	6	0
283	7	9
0	0	1
0	1	40
0	2	15
9	0	1
9	1	40
9	3	28
0	4	9
284	5	0
284	5	9
284	6	0
284	7	9
0	0	1
0	1	152
0	2	15
9	0	1
9	1	152
9	3	28
0	4	9
285	5	0
285	5	9
285	6	0
285	7	9
0	0	1
0	1	286
0	2	287
9	0	1
9	1	286
9	3	28
0	4	9
288	5	0
288	5	9
288	6	0
288	7	9
0	0	1
0	1	289
0	2	3
9	0	1
9	1	289
9	3	290
141	0	1
141	1	291
0	4	9
9	4	141
292	5	0
292	6	0
292	5	9
292	5	141
292	7	141
0	0	1
0	1	56
0	2	3
9	0	1
9	1	56
9	3	290
141	0	1
141	1	291
0	4	9
9	4	141
293	5	0
293	6	0
293	5	9
293	5	141
293	7	141
0	0	1
0	1	294
0	2	3
9	0	1
9	1	294
9	3	290
141	0	1
141	1	291
0	4	9
9	4	141
295	5	0
295	6	0
295	5	9
295	5	141
295	7	141
0	0	1
0	1	296
0	2	3
9	0	1
9	1	296
9	3	290
141	0	1
141	1	291
0	4	9
9	4	141
297	5	0
297	6	0
297	5	9
297	7	141
0	0	1
0	1	298
0	2	3
9	0	1
9	1	298
9	3	290
141	0	1
141	1	291
0	4	9
9	4	141
299	5	0
299	6	0
299	5	9
299	5	141
299	7	141
0	0	1
0	1	300
0	2	3
9	0	1
9	1	300
9	3	290
141	0	1
141	1	291
0	4	9
9	4	141
301	5	0
301	6	0
301	5	9
301	5	141
301	7	141
0	0	1
0	1	302
0	2	3
9	0	1
9	1	302
9	3	290
141	0	1
141	1	291
0	4	9
9	4	141
303	5	0
303	6	0
303	5	9
303	5	141
303	7	141
0	0	1
0	1	304
0	2	3
9	0	1
9	1	304
9	3	290
141	0	1
141	1	291
0	4	9
9	4	141
305	5	0
305	6	0
305	5	9
305	5	141
305	7	141
0	0	1
0	1	306
0	2	3
9	0	1
9	1	306
9	3	290
141	0	1
141	1	291
0	4	9
9	4	141
307	5	0
307	6	0
307	5	9
307	5	141
307	7	141
0	0	1
0	1	308
0	2	3
9	0	1
9	1	308
9	3	290
141	0	1
141	1	291
0	4	9
9	4	141
309	5	0
309	6	0
309	5	9
309	5	141
309	7	141
0	0	1
0	1	44
0	2	3
9	0	1
9	1	44
9	3	290
141	0	1
141	1	291
0	4	9
9	4	141
310	5	0
310	6	0
310	5	9
310	5	141
310	7	141
0	0	1
0	1	100
0	2	3
9	0	1
9	1	100
9	3	290
141	0	1
141	1	291
0	4	9
9	4	141
311	5	0
311	6	0
311	5	9
311	5	141
311	7	141
0	0	1
0	1	312
0	2	3
9	0	1
9	1	312
9	3	290
141	0	1
141	1	291
0	4	9
9	4	141
313	5	0
313	6	0
313	5	9
313	5	141
313	7	141
0	0	1
0	1	314
0	2	3
9	0	1
9	1	314
9	3	290
141	0	1
141	1	291
0	4	9
9	4	141
315	5	0
315	6	0
315	5	9
315	5	141
315	7	141
0	0	1
0	1	316
0	2	3
9	0	1
9	1	316
9	3	290
141	0	1
141	1	291
0	4	9
9	4	141
317	5	0
317	6	0
317	5	9
317	5	141
317	7	141
0	0	1
0	1	50
0	2	3
9	0	1
9	1	50
9	3	290
141	0	1
141	1	291
0	4	9
9	4	141
318	5	0
318	6	0
318	5	9
318	5	141
318	7	141
0	0	1
0	1	319
0	2	139
9	0	1
9	1	319
9	12	29
23	0	1
23	1	29
135	0	1
135	1	29
9	0	1
9	1	319
9	8	139
0	0	1
0	1	320
0	2	3
9	0	1
9	1	320
9	3	319
0	0	1
0	1	321
0	2	3
6	0	1
6	1	321
6	3	319
23	0	1
23	1	139
135	0	1
135	1	139
9	4	23
23	4	135
135	4	9
9	4	0
0	4	9
9	4	0
0	4	6
6	4	23
23	4	135
322	5	0
322	5	9
322	5	23
322	5	135
322	5	9
322	5	0
322	5	9
322	5	0
322	5	6
322	5	23
322	5	135
322	6	0
322	7	135
0	0	1
0	1	319
0	2	139
9	0	1
9	1	319
9	12	29
23	0	1
23	1	29
135	0	1
135	1	29
9	0	1
9	1	319
9	8	139
0	0	1
0	1	323
0	2	3
9	0	1
9	1	323
9	3	319
0	0	1
0	1	321
0	2	3
6	0	1
6	1	321
6	3	319
23	0	1
23	1	139
135	0	1
135	1	139
0	4	9
9	4	23
23	4	135
135	4	9
9	4	0
0	4	9
9	4	0
0	4	6
6	4	23
23	4	135
324	5	0
324	5	9
324	5	23
324	5	135
324	5	9
324	5	0
324	5	9
324	5	0
324	5	6
324	5	23
324	5	135
324	7	135
324	6	0
0	0	1
0	1	319
0	2	139
9	0	1
9	1	319
9	12	29
23	0	1
23	1	29
135	0	1
135	1	29
9	0	1
9	1	319
9	8	139
0	0	1
0	1	325
0	2	3
9	0	1
9	1	325
9	3	319
0	0	1
0	1	326
0	2	3
9	0	1
9	1	326
9	3	319
23	0	1
23	1	139
135	0	1
135	1	139
0	4	9
9	4	23
23	4	135
135	4	9
9	4	0
0	4	9
9	4	0
0	4	9
9	4	23
23	4	135
327	6	0
327	7	135
327	5	9
327	5	135
327	5	0
327	5	23
327	5	135
327	5	9
327	5	0
327	5	9
327	5	0
327	5	9
327	5	141
327	5	135
328	6	120
328	5	120
328	5	0
328	5	9
328	5	329
328	7	329
120	4	0
0	4	9
9	4	329
120	0	1
120	1	330
0	0	1
0	1	286
9	0	1
9	1	286
9	3	330
329	0	1
329	1	330
331	6	120
331	5	120
331	5	0
331	5	9
331	5	329
331	7	329
120	4	0
0	4	9
9	4	329
120	0	1
120	1	330
0	0	1
0	1	332
9	0	1
9	1	332
9	3	330
329	0	1
329	1	330
333	6	120
333	5	120
333	5	0
333	5	9
333	5	329
333	7	329
120	4	0
0	4	9
9	4	329
120	0	1
120	1	330
0	0	1
0	1	334
9	0	1
9	1	334
9	3	330
329	0	1
329	1	330
335	6	120
335	5	120
335	5	0
335	5	9
335	5	329
335	7	329
120	4	0
0	4	9
9	4	329
120	0	1
120	1	330
0	0	1
0	1	336
9	0	1
9	1	336
9	3	337
329	0	1
329	1	337
338	6	135
338	5	135
338	5	23
338	5	0
338	5	222
338	5	135
338	7	135
135	4	0
0	4	222
23	4	222
222	4	135
135	0	1
135	1	339
23	0	1
23	1	340
0	0	1
0	1	339
222	0	1
222	1	339
222	10	340
135	0	1
135	1	340
341	6	342
341	5	342
341	5	23
341	5	0
341	5	9
341	5	135
341	7	135
342	4	0
0	4	9
23	4	9
9	4	135
342	0	1
342	1	343
342	2	339
23	0	1
23	1	340
0	0	1
0	1	343
9	0	1
9	1	343
9	3	340
135	0	1
135	1	340
344	6	342
344	5	342
344	5	23
344	5	0
344	5	9
344	5	135
344	7	135
342	4	0
0	4	9
23	4	9
9	4	135
342	0	1
342	1	345
342	2	339
23	0	1
23	1	340
0	0	1
0	1	345
9	0	1
9	1	345
9	3	340
135	0	1
135	1	340
346	6	342
346	5	342
346	5	23
346	5	0
346	5	9
346	5	135
346	7	135
342	4	0
0	4	9
23	4	9
9	4	135
342	0	1
342	1	347
342	2	339
23	0	1
23	1	340
0	0	1
0	1	347
9	0	1
9	1	347
9	3	340
135	0	1
135	1	340
348	6	0
348	5	0
348	5	6
348	5	9
348	7	9
0	4	6
6	4	9
0	0	1
0	1	110
6	0	1
6	1	129
6	3	110
9	0	1
9	1	110
348	6	0
348	5	0
348	5	6
348	5	9
348	7	9
0	4	6
6	4	9
0	0	1
0	1	110
6	0	1
6	1	129
6	3	110
9	0	1
9	1	110
349	5	350
349	6	350
349	5	351
349	5	352
349	7	352
350	4	351
351	4	352
350	0	1
350	1	353
350	10	354
351	0	1
351	1	355
352	0	1
352	1	355
356	5	0
356	6	0
356	5	6
356	7	6
0	4	6
0	0	1
0	1	357
6	0	1
6	1	129
6	2	357
6	8	358
359	6	0
359	5	0
359	5	360
359	5	6
359	5	0
359	5	6
359	5	0
359	5	143
359	7	143
0	0	1
0	1	361
360	0	1
360	1	361
6	0	1
6	1	362
6	3	363
0	0	1
0	1	128
6	0	1
6	1	364
6	3	363
0	0	1
0	1	365
143	0	1
143	1	365
143	10	363
366	6	0
366	5	0
366	5	367
366	5	0
366	5	6
366	7	6
0	4	367
0	4	6
0	0	1
0	1	368
367	0	1
367	1	368
367	10	363
0	0	1
0	1	128
6	0	1
6	1	364
6	3	363
369	6	0
369	5	0
369	5	360
369	5	6
369	5	0
369	5	6
369	5	0
369	5	143
369	7	143
0	4	360
360	4	6
0	4	6
6	4	0
6	4	0
0	4	143
0	0	1
0	1	370
360	0	1
360	1	370
6	0	1
6	1	371
6	3	363
0	0	1
0	1	128
6	0	1
6	1	364
6	3	363
0	0	1
0	1	365
143	0	1
143	1	365
143	10	363
372	6	373
372	5	373
372	5	367
372	5	0
372	5	6
372	7	6
373	4	367
0	4	6
373	0	1
373	1	374
367	0	1
367	1	374
367	10	110
0	0	1
0	1	128
6	0	1
6	1	364
6	3	110
375	6	373
375	5	373
375	5	367
375	5	0
375	5	6
375	7	6
373	4	367
0	4	6
373	0	1
373	1	376
367	0	1
367	1	376
367	10	110
0	0	1
0	1	128
6	0	1
6	1	364
6	3	110
375	6	373
375	5	373
375	5	367
375	5	0
375	5	6
375	7	6
373	4	367
0	4	6
373	0	1
373	1	376
367	0	1
367	1	376
367	10	110
0	0	1
0	1	128
6	0	1
6	1	364
6	3	110
377	6	0
377	5	0
377	5	367
377	5	0
377	5	6
377	7	6
0	4	367
0	4	6
0	0	1
0	1	378
367	0	1
367	1	378
367	10	363
0	0	1
0	1	128
6	0	1
6	1	364
6	3	110
379	6	0
379	5	0
379	5	23
379	5	6
379	5	0
379	5	6
379	5	0
379	5	143
379	7	143
0	4	23
23	4	6
0	4	6
6	4	0
6	4	0
0	4	143
0	0	1
0	1	380
23	0	1
23	1	380
6	0	1
6	1	381
6	3	363
0	0	1
0	1	128
6	0	1
6	1	364
6	3	363
0	0	1
0	1	365
143	0	1
143	1	365
143	10	363
382	6	0
382	5	0
382	5	360
382	5	6
382	5	0
382	5	6
382	5	0
382	5	143
382	7	143
0	4	360
360	4	6
0	4	6
6	4	0
6	4	0
0	4	143
0	0	1
0	1	383
360	0	1
360	1	383
6	0	1
6	1	384
6	3	144
0	0	1
0	1	128
6	0	1
6	1	364
6	3	144
0	0	1
0	1	365
143	0	1
143	1	365
143	10	144
385	6	0
385	5	0
385	5	360
385	5	386
385	5	387
385	5	157
385	7	157
0	4	360
360	4	386
386	4	387
387	4	157
0	0	1
0	1	388
360	0	1
360	1	388
386	0	1
386	1	388
387	0	1
387	1	388
387	8	389
157	0	1
157	1	388
157	8	389
390	6	0
390	5	0
390	5	391
390	5	392
390	5	0
390	5	9
390	5	393
390	5	0
390	5	6
390	5	0
390	5	157
390	5	391
390	5	392
390	5	0
390	5	9
390	7	9
0	4	391
391	4	392
392	4	0
0	4	9
9	4	393
393	4	0
0	4	6
6	4	0
0	4	157
157	4	391
391	4	392
392	4	0
0	4	9
0	0	1
0	1	394
0	2	395
391	0	1
391	1	29
392	0	1
392	1	29
0	0	1
0	1	395
9	0	1
9	1	395
9	3	396
393	0	1
393	1	395
393	10	396
0	0	1
0	1	397
6	0	1
6	1	397
6	3	396
0	0	1
0	1	398
157	0	1
157	1	398
157	8	395
391	0	1
391	1	29
392	0	1
392	1	29
0	0	1
0	1	395
9	0	1
9	1	395
9	2	396
390	6	0
390	5	0
390	5	352
390	5	141
390	5	0
390	5	9
390	5	393
390	5	0
390	5	6
390	5	0
390	5	157
390	5	352
390	5	141
390	5	0
390	5	9
390	7	9
0	4	352
352	4	141
141	4	0
0	4	9
9	4	393
393	4	0
0	4	6
6	4	0
0	4	157
157	4	352
352	4	141
141	4	0
0	4	9
0	0	1
0	1	394
0	2	395
352	0	1
352	1	29
141	0	1
141	1	29
0	0	1
0	1	395
9	0	1
9	1	395
9	3	396
393	0	1
393	1	395
393	10	396
0	0	1
0	1	397
6	0	1
6	1	397
6	3	396
0	0	1
0	1	398
157	0	1
157	1	398
157	8	395
352	0	1
352	1	29
141	0	1
141	1	29
0	0	1
0	1	395
9	0	1
9	1	395
9	2	396
399	6	0
399	5	0
399	5	0
399	5	400
399	5	401
399	5	0
399	5	352
399	5	141
399	5	402
399	5	403
399	7	403
0	4	400
0	4	400
400	4	401
0	4	352
352	4	141
141	4	402
401	4	402
402	4	403
0	0	1
0	1	404
0	0	1
0	1	405
400	0	1
400	1	405
400	8	404
401	0	1
401	1	404
401	8	406
0	0	1
0	1	407
0	2	396
352	0	1
352	1	29
141	0	1
141	1	29
402	0	1
402	1	129
402	2	407
403	0	1
403	1	129
403	13	396
399	6	0
399	5	0
399	5	0
399	5	400
399	5	401
399	5	0
399	5	4
399	5	402
399	5	403
399	7	403
0	4	400
0	4	400
400	4	401
0	4	4
4	4	402
401	4	402
402	4	403
0	0	1
0	1	404
0	0	1
0	1	405
400	0	1
400	1	405
400	8	404
401	0	1
401	1	404
401	8	406
0	0	1
0	1	407
0	2	396
4	0	1
4	1	29
402	0	1
402	1	129
402	2	407
403	0	1
403	1	129
403	13	396
399	6	0
399	5	0
399	5	0
399	5	400
399	5	401
399	5	0
399	5	391
399	5	392
399	5	402
399	5	403
399	7	403
0	4	400
0	4	400
400	4	401
0	4	391
391	4	392
392	4	402
401	4	402
402	4	403
0	0	1
0	1	404
0	0	1
0	1	405
400	0	1
400	1	405
400	8	404
401	0	1
401	1	404
401	8	406
0	0	1
0	1	407
391	0	1
391	1	29
392	0	1
392	1	29
402	0	1
402	1	129
402	2	407
403	0	1
403	1	129
403	13	396
408	6	391
408	5	391
408	5	392
408	5	0
408	5	23
408	5	6
408	5	135
408	5	9
408	5	157
408	5	391
408	5	392
408	5	0
408	5	157
408	7	157
391	4	392
392	4	0
0	4	23
23	4	6
6	4	135
135	4	9
9	4	157
157	4	391
391	4	392
392	4	0
0	4	157
391	0	1
391	1	29
392	0	1
392	1	29
0	0	1
0	1	409
23	0	1
23	1	409
6	0	1
6	1	409
6	8	410
135	0	1
135	1	409
9	0	1
9	1	409
157	0	1
157	1	410
391	0	1
391	1	29
392	0	1
392	1	29
0	0	1
0	1	156
157	0	1
157	1	156
157	8	410
408	6	352
408	5	352
408	5	141
408	5	0
408	5	23
408	5	6
408	5	135
408	5	9
408	5	157
408	5	352
408	5	141
408	5	0
408	5	157
408	7	157
352	4	141
141	4	0
0	4	23
23	4	6
6	4	135
135	4	9
9	4	157
157	4	352
352	4	141
141	4	0
0	4	157
352	0	1
352	1	29
141	0	1
141	1	29
0	0	1
0	1	409
23	0	1
23	1	409
6	0	1
6	1	409
6	8	410
135	0	1
135	1	409
9	0	1
9	1	409
157	0	1
157	1	410
352	0	1
352	1	29
141	0	1
141	1	29
0	0	1
0	1	156
157	0	1
157	1	156
157	8	410
408	6	391
408	5	391
408	5	392
408	5	0
408	5	23
408	5	6
408	5	135
408	5	9
408	5	157
408	5	391
408	5	392
408	5	0
408	5	23
408	5	6
408	5	135
408	5	9
408	5	157
408	5	391
408	5	392
408	5	0
408	5	157
408	7	157
391	4	392
392	4	0
0	4	23
23	4	6
6	4	135
135	4	9
9	4	157
157	4	391
391	4	392
392	4	0
0	4	23
23	4	6
6	4	135
135	4	9
9	4	157
157	4	391
391	4	392
392	4	0
0	4	157
391	0	1
391	1	29
392	0	1
392	1	29
0	0	1
0	1	409
23	0	1
23	1	409
6	0	1
6	1	409
6	8	410
135	0	1
135	1	409
9	0	1
9	1	409
157	0	1
157	1	410
391	0	1
391	1	29
392	0	1
392	1	29
0	0	1
0	1	411
23	0	1
23	1	411
6	0	1
6	1	411
6	8	410
135	0	1
135	1	411
9	0	1
9	1	411
157	0	1
157	1	410
391	0	1
391	1	29
392	0	1
392	1	29
0	0	1
0	1	156
157	0	1
157	1	156
157	8	410
412	6	391
412	5	391
412	5	392
412	5	0
412	5	23
412	5	6
412	5	135
412	5	9
412	5	157
412	5	391
412	5	392
412	5	0
412	5	157
412	7	157
391	4	392
392	4	0
0	4	23
23	4	6
6	4	135
135	4	9
9	4	157
157	4	391
391	4	392
392	4	0
0	4	157
391	0	1
391	1	29
392	0	1
392	1	29
0	0	1
0	1	413
23	0	1
23	1	413
6	0	1
6	1	413
6	8	389
135	0	1
135	1	413
9	0	1
9	1	413
157	0	1
157	1	389
391	0	1
391	1	29
392	0	1
392	1	29
0	0	1
0	1	156
157	0	1
157	1	156
157	8	389
412	6	352
412	5	352
412	5	141
412	5	0
412	5	23
412	5	6
412	5	135
412	5	9
412	5	157
412	5	352
412	5	141
412	5	0
412	5	157
412	7	157
414	4	141
141	4	0
0	4	23
23	4	6
6	4	135
135	4	9
9	4	157
157	4	352
352	4	141
141	4	0
0	4	157
414	0	1
414	1	29
141	0	1
141	1	29
0	0	1
0	1	413
23	0	1
23	1	413
6	0	1
6	1	413
6	8	389
135	0	1
135	1	413
9	0	1
9	1	413
157	0	1
157	1	389
352	0	1
352	1	29
141	0	1
141	1	29
0	0	1
0	1	156
157	0	1
157	1	156
157	8	389
334	14	415
17	14	416
17	15	417
24	14	416
29	14	416
144	15	418
146	14	416
147	14	416
147	15	419
158	14	416
204	14	416
363	14	416
363	15	110
407	15	110
36	14	420
36	15	421
38	14	420
44	14	420
50	14	420
50	15	422
71	14	420
71	15	423
73	14	420
77	14	420
77	15	424
100	14	420
102	14	420
102	15	421
282	14	420
282	15	420
298	14	420
298	15	421
300	14	420
304	14	420
304	15	423
308	14	420
312	14	420
316	14	420
316	15	420
425	14	426
427	14	426
428	14	426
429	14	426
430	14	426
431	14	426
432	14	426
433	14	426
434	14	426
54	15	426
435	15	426
436	15	426
437	15	426
438	15	426
439	15	426
440	15	426
441	15	426
442	15	426
443	16	426
444	16	426
347	15	445
347	17	446
447	15	8
128	17	448
128	17	449
128	17	450
238	15	451
238	17	452
238	17	453
238	15	417
454	17	455
454	17	456
457	17	458
459	17	460
459	17	461
459	17	462
459	17	463
459	15	419
464	17	465
464	17	466
464	17	467
464	15	417
15	17	468
15	17	469
15	17	470
15	17	471
15	17	462
472	15	15
473	15	474
458	17	475
476	15	458
477	15	458
290	17	478
290	17	479
290	17	480
290	17	416
290	15	417
290	14	416
142	17	481
482	15	142
483	17	484
485	15	483
465	17	486
465	17	487
465	15	488
489	15	490
489	17	462
491	15	492
147	14	473
147	17	149
147	17	493
147	17	494
495	15	421
496	16	495
497	16	495
498	16	495
499	16	495
500	16	495
501	16	495
339	15	502
339	14	503
339	17	504
339	17	505
339	17	506
339	15	507
508	17	509
508	17	510
508	15	511
508	14	503
54	14	426
287	17	458
287	17	505
330	17	512
330	17	513
330	17	514
330	17	458
7	15	515
7	17	516
7	17	517
7	14	426
518	16	7
518	16	519
519	15	520
521	16	7
522	15	7
12	17	523
12	17	524
525	16	12
526	16	12
497	16	12
501	16	12
527	16	12
528	16	12
430	16	12
529	16	12
26	16	12
530	17	531
530	17	462
530	17	532
530	17	533
534	14	458
242	17	535
242	17	536
242	17	537
538	17	512
538	17	513
538	17	458
60	14	169
60	15	169
539	14	169
539	15	421
469	15	540
541	14	542
541	15	543
58	14	515
58	15	515
544	14	542
544	15	545
46	14	169
46	15	546
547	14	515
547	15	548
549	14	515
550	15	422
550	14	515
242	15	417
242	14	542
66	14	169
409	14	551
409	15	552
165	15	553
34	14	169
88	14	169
88	15	421
340	14	531
340	15	417
42	15	554
42	14	169
98	15	553
98	14	515
98	15	520
117	14	555
353	15	556
353	14	531
557	15	515
557	14	515
40	15	558
40	14	169
405	14	551
405	15	559
56	14	169
75	14	515
75	15	26
140	15	515
140	16	560
140	14	515
561	15	421
561	14	169
404	15	511
404	14	551
48	15	169
48	14	169
562	6	391
562	5	391
562	5	392
562	5	0
562	5	23
562	5	6
562	5	135
562	5	9
562	5	157
562	5	391
562	5	392
562	5	0
562	5	157
562	5	0
562	5	23
562	5	6
562	5	157
562	5	135
562	7	135
6	4	135
135	4	9
9	4	157
157	4	391
391	4	392
392	4	0
0	4	157
157	4	0
0	4	23
23	4	6
6	4	157
157	4	135
391	0	1
391	1	29
392	0	1
392	1	29
0	0	1
0	1	413
23	0	1
23	1	413
6	0	1
6	1	413
6	8	389
135	0	1
9	0	1
9	1	413
157	0	1
157	1	389
391	0	1
391	1	29
392	0	1
392	1	29
0	0	1
0	1	156
157	0	1
157	1	156
157	8	389
0	0	1
0	1	563
23	0	1
23	1	563
6	0	1
6	1	563
6	8	564
157	0	1
157	1	389
135	0	1
565	6	566
565	5	566
565	5	23
565	5	0
565	5	9
565	5	135
565	5	567
565	5	23
565	5	0
565	5	135
565	5	568
565	7	568
566	4	23
23	4	0
0	4	9
9	4	135
135	4	567
567	4	23
23	4	0
0	4	135
135	4	568
566	0	1
566	1	530
23	0	1
23	1	530
0	0	1
0	1	569
0	2	570
9	0	1
9	1	569
9	10	570
135	0	1
135	1	530
567	0	1
567	1	530
23	0	1
23	1	530
0	0	1
0	1	569
0	2	530
135	0	1
135	1	530
568	0	1
568	1	530
571	6	0
571	5	0
571	5	391
571	5	392
571	5	157
571	5	9
571	5	572
571	5	573
571	5	568
571	7	568
0	4	391
391	4	392
392	4	157
157	4	9
9	4	572
572	4	573
573	4	568
0	0	1
0	1	574
0	2	575
391	0	1
391	1	29
392	0	1
392	1	29
157	0	1
157	9	574
157	1	287
9	0	1
9	1	574
9	3	575
572	0	1
572	1	576
573	0	1
573	9	576
573	1	577
568	0	1
568	1	576
578	6	0
578	5	0
578	5	391
578	5	392
578	5	157
578	5	9
578	5	572
578	5	573
578	5	568
578	7	568
0	4	391
391	4	392
392	4	157
157	4	9
9	4	572
572	4	573
573	4	568
0	0	1
0	1	574
0	2	575
391	0	1
391	1	29
392	0	1
392	1	29
157	0	1
157	1	111
157	9	574
9	0	1
9	1	574
9	3	575
572	0	1
572	1	576
573	0	1
573	1	579
573	9	576
568	0	1
568	1	576
580	6	0
580	7	392
580	5	0
580	5	391
580	5	0
580	5	157
580	5	392
0	4	391
391	4	0
0	4	157
157	4	392
0	0	1
0	1	16
0	10	148
391	0	1
391	1	29
0	0	1
0	1	581
157	0	1
157	1	581
157	8	16
392	0	1
392	1	29
582	6	0
582	5	0
582	5	6
582	5	391
582	5	0
582	5	157
582	5	392
582	7	392
0	4	6
6	4	391
391	4	0
0	4	157
157	4	392
0	0	1
0	1	583
0	10	148
6	0	1
6	1	584
6	2	583
391	0	1
391	1	29
0	0	1
0	1	581
157	0	1
157	1	581
157	8	583
392	0	1
392	1	29
585	6	0
585	5	0
585	5	391
585	5	0
585	5	157
585	5	392
585	7	392
0	4	391
391	4	0
0	4	157
157	4	392
0	0	1
0	1	586
0	10	148
391	0	1
391	1	29
0	0	1
0	1	581
157	0	1
157	1	581
157	8	586
392	0	1
392	1	29
587	6	0
587	5	0
587	5	391
587	5	0
587	5	157
587	5	392
587	7	392
0	4	391
391	4	0
0	4	157
157	4	392
0	0	1
0	1	588
0	10	148
391	0	1
391	1	29
0	0	1
0	1	581
157	0	1
157	1	581
157	8	588
392	0	1
392	1	29
589	6	0
589	5	0
589	5	19
589	5	590
589	5	0
589	5	19
589	5	590
589	5	23
589	5	6
589	5	135
589	5	0
589	5	143
589	7	143
0	4	19
19	4	590
590	4	0
0	4	19
19	4	590
590	4	23
23	4	6
6	4	135
135	4	0
0	4	143
0	0	1
0	1	68
19	0	1
19	1	68
590	0	1
590	1	68
590	3	144
0	0	1
0	1	591
19	0	1
19	1	591
590	0	1
590	1	591
590	3	144
23	0	1
23	1	592
6	0	1
6	1	593
6	2	592
6	3	144
135	0	1
135	1	592
0	0	1
0	1	594
143	0	1
143	1	594
143	10	144
595	6	0
595	5	0
595	5	19
595	5	590
595	5	0
595	5	19
595	5	590
595	5	23
595	5	6
595	5	0
595	5	135
595	5	143
595	7	143
0	4	19
19	4	590
590	4	0
0	4	19
19	4	590
590	4	23
23	4	6
6	4	135
135	4	0
0	4	143
0	0	1
0	1	596
19	0	1
19	1	596
590	0	1
590	1	596
590	3	144
0	0	1
0	1	591
19	0	1
19	1	591
590	0	1
590	1	591
590	3	144
23	0	1
23	1	592
6	0	1
6	1	593
6	2	592
6	3	144
135	0	1
135	1	592
0	0	1
0	1	594
143	0	1
143	1	594
143	10	144
597	6	0
597	5	0
597	5	6
597	5	0
597	5	6
597	5	598
597	5	6
597	5	0
597	5	143
597	7	143
0	4	6
6	4	0
0	4	6
6	4	598
598	4	6
6	4	0
0	4	143
0	0	1
0	1	599
6	0	1
6	1	109
6	2	599
6	3	144
0	0	1
0	1	600
6	0	1
6	1	601
6	2	600
6	3	144
598	0	1
598	1	152
6	0	1
6	1	602
6	3	144
0	0	1
0	1	594
143	0	1
143	1	594
143	10	144
603	0	1
603	1	594
603	2	111
30	0	1
30	1	594
30	10	129
157	0	1
157	1	604
9	0	1
9	1	594
9	8	111
603	4	30
30	4	157
157	4	9
605	5	603
605	5	30
605	5	157
605	5	9
605	6	603
605	7	9
603	0	1
603	1	606
603	2	111
572	0	1
572	1	606
572	10	606
568	0	1
568	1	606
568	2	606
9	0	1
9	1	606
9	8	111
603	4	572
572	4	568
568	4	9
607	5	603
607	5	572
607	5	568
607	5	9
607	6	603
607	7	9
0	0	1
0	1	574
608	0	1
608	1	574
608	13	609
157	0	1
157	1	609
157	9	574
0	4	608
608	4	157
610	5	0
610	5	608
610	5	157
610	6	0
610	7	157
603	0	1
603	1	611
603	2	111
23	0	1
23	1	612
590	0	1
590	1	611
590	10	612
135	0	1
135	1	612
391	0	1
391	1	612
392	0	1
392	1	612
603	0	1
603	1	611
603	2	612
9	0	1
9	1	611
9	8	111
603	4	23
23	4	590
590	4	135
135	4	391
391	4	392
392	4	603
603	4	9
613	5	603
613	5	23
613	5	590
613	5	135
613	5	391
613	5	392
613	5	603
613	5	9
613	6	603
613	7	9
603	0	1
603	1	614
603	2	111
23	0	1
23	1	612
590	0	1
590	1	614
590	10	612
135	0	1
135	1	612
391	0	1
391	1	612
392	0	1
392	1	612
603	0	1
603	1	614
603	2	612
9	0	1
9	1	614
9	8	111
603	4	23
23	4	590
590	4	135
135	4	391
391	4	392
392	4	603
603	4	9
615	5	603
615	5	23
615	5	590
615	5	135
615	5	391
615	5	392
615	5	603
615	5	9
615	6	603
615	7	9
23	0	1
23	1	616
590	0	1
590	1	617
590	10	616
6	0	1
6	1	129
6	3	616
135	0	1
135	1	616
23	4	590
590	4	6
6	4	135
618	5	23
618	5	590
618	5	6
618	5	135
618	6	23
618	7	135
603	0	1
603	1	616
603	2	111
30	0	1
30	1	616
30	10	129
157	0	1
157	1	616
157	9	619
9	0	1
9	1	616
9	8	111
603	4	30
30	4	157
157	4	9
620	5	603
620	5	30
620	5	157
620	5	9
620	6	603
620	7	9
603	0	1
603	1	621
603	2	111
6	0	1
6	1	621
6	3	110
9	0	1
9	1	621
9	8	111
603	4	6
6	4	9
622	5	603
622	5	6
622	5	9
622	6	603
622	7	9
603	0	1
603	1	623
603	2	111
6	0	1
6	1	623
6	3	110
9	0	1
9	1	623
9	8	111
603	4	6
6	4	9
624	5	603
624	5	6
624	5	9
624	6	603
624	7	9
603	0	1
603	1	625
603	2	111
23	0	1
23	1	625
626	0	1
626	1	625
135	0	1
135	1	625
9	0	1
9	1	625
9	8	111
603	4	23
23	4	626
626	4	135
135	4	9
627	5	603
627	5	23
627	5	626
627	5	135
627	5	9
627	6	603
627	7	9
603	0	1
603	1	625
603	2	111
23	0	1
23	1	625
628	0	1
628	1	625
135	0	1
135	1	625
9	0	1
9	1	625
9	8	111
603	4	23
23	4	628
628	4	135
135	4	9
629	5	603
629	5	23
629	5	628
629	5	135
629	5	9
629	6	603
629	7	9
0	0	1
0	1	576
0	2	579
391	0	1
391	1	576
573	0	1
573	1	579
392	0	1
392	1	576
9	0	1
9	1	576
9	8	579
0	4	391
391	4	573
573	4	392
392	4	9
630	5	0
630	5	391
630	5	573
630	5	392
630	5	9
630	6	0
630	7	9
603	0	1
603	1	631
603	2	15
6	0	1
6	1	631
6	3	110
9	0	1
9	1	631
9	8	111
603	4	6
6	4	9
632	5	603
632	5	6
632	5	9
632	6	603
632	7	9
603	0	1
603	1	633
603	2	579
634	0	1
634	1	635
634	8	579
636	0	1
636	1	633
636	8	579
603	4	634
634	4	636
637	5	603
637	5	634
637	5	636
637	6	603
637	7	636
603	0	1
603	1	633
603	2	579
634	0	1
634	1	638
634	8	579
636	0	1
636	1	633
636	8	579
603	4	634
634	4	636
639	5	603
639	5	634
639	5	636
639	6	603
639	7	636
603	0	1
603	1	483
603	2	15
6	0	1
6	1	483
6	3	110
9	0	1
9	1	483
9	8	111
603	4	6
6	4	9
640	5	603
640	5	6
640	5	9
640	6	603
640	7	9
23	0	1
23	1	641
603	0	1
603	1	642
603	2	111
636	0	1
636	1	642
636	10	641
135	0	1
135	1	641
23	4	603
603	4	636
636	4	135
643	5	23
643	5	603
643	5	636
643	5	135
643	6	23
643	7	135
23	0	1
23	1	641
603	0	1
603	1	642
603	2	641
636	0	1
636	1	642
636	8	111
135	0	1
135	1	641
23	4	603
603	4	636
636	4	135
644	5	23
644	5	603
644	5	636
644	5	135
644	6	23
644	7	135
603	0	1
603	1	645
603	2	15
9	0	1
9	1	645
9	8	16
603	0	1
603	1	17
603	2	18
19	0	1
19	1	645
19	9	17
9	0	1
9	1	17
9	8	18
603	4	9
9	4	603
603	4	19
19	4	9
646	5	603
646	5	9
646	5	603
646	5	19
646	5	9
646	6	603
646	7	9
603	0	1
603	1	647
603	2	111
30	0	1
30	1	647
30	10	129
4	0	1
4	1	647
9	0	1
9	1	647
9	8	111
603	4	30
30	4	4
4	4	9
648	5	603
648	5	30
648	5	4
648	5	9
648	6	603
648	7	9
603	0	1
603	1	647
603	2	111
157	0	1
157	1	111
350	0	1
350	1	647
350	10	354
603	4	157
157	4	350
649	5	603
649	5	157
649	5	350
649	6	603
649	7	350
603	0	1
603	1	650
603	2	111
23	0	1
23	1	612
590	0	1
590	1	650
590	10	612
135	0	1
135	1	612
391	0	1
391	1	612
392	0	1
392	1	612
603	0	1
603	1	650
603	2	612
9	0	1
9	1	650
9	8	111
603	4	23
23	4	590
590	4	135
135	4	391
391	4	392
392	4	603
603	4	9
651	5	603
651	5	23
651	5	590
651	5	135
651	5	391
651	5	392
651	5	603
651	5	9
651	6	603
651	7	9
603	0	1
603	1	647
603	2	111
608	0	1
608	1	647
608	13	507
157	0	1
157	1	507
157	9	647
350	0	1
350	1	647
350	10	354
603	4	157
157	4	350
652	5	603
652	5	157
652	5	350
652	6	603
652	7	350
603	0	1
603	1	653
603	2	111
23	0	1
23	1	612
590	0	1
590	1	653
590	10	612
135	0	1
135	1	612
391	0	1
391	1	612
392	0	1
392	1	612
603	0	1
603	1	653
603	2	612
9	0	1
9	1	653
9	8	111
603	4	23
23	4	590
590	4	135
135	4	391
391	4	392
392	4	603
603	4	9
654	5	603
654	5	23
654	5	590
654	5	135
654	5	391
654	5	392
654	5	603
654	5	9
654	6	603
654	7	9
23	0	1
23	1	354
603	0	1
603	1	355
603	2	354
655	0	1
655	1	355
135	0	1
135	1	354
23	4	603
603	4	655
655	4	135
656	5	23
656	5	603
656	5	655
656	5	135
656	6	23
656	7	135
23	0	1
23	1	354
603	0	1
603	1	657
603	2	579
350	0	1
350	1	657
350	10	354
135	0	1
135	1	354
23	4	603
603	4	350
350	4	135
658	5	23
658	5	603
658	5	350
658	5	135
658	6	23
658	7	135
603	0	1
603	1	647
603	2	111
157	0	1
157	1	659
350	0	1
350	1	647
350	10	354
603	4	157
157	4	350
660	5	603
660	5	157
660	5	350
660	6	603
660	7	350
603	0	1
603	1	659
603	2	111
6	0	1
6	1	659
9	0	1
9	1	647
9	8	111
603	4	6
6	4	9
661	5	603
661	5	6
661	5	9
661	6	603
661	7	9
0	0	1
0	1	662
0	2	15
9	0	1
9	1	662
9	8	111
0	0	1
0	1	128
0	2	111
6	0	1
6	1	128
6	3	635
9	0	1
9	1	128
9	8	111
590	0	1
590	1	662
590	3	635
663	5	0
663	5	9
663	5	0
663	5	6
663	5	9
663	5	590
0	4	9
9	4	0
0	4	6
6	4	9
9	4	590
663	6	0
663	7	590
0	0	1
0	1	664
0	2	111
141	0	1
141	1	569
141	8	664
0	4	141
665	5	0
665	5	141
665	6	0
665	7	141
0	0	1
0	1	666
0	2	15
9	0	1
9	1	666
9	8	111
0	0	1
0	1	110
0	2	111
9	0	1
9	1	110
9	11	666
23	0	1
23	1	666
0	0	1
0	1	666
0	2	111
6	0	1
6	1	666
6	3	110
667	5	0
667	5	9
667	5	0
667	5	9
667	5	23
667	5	0
667	5	6
0	4	9
9	4	0
0	4	9
9	4	23
23	4	0
0	4	6
667	6	0
667	7	6
668	6	0
668	7	391
668	5	0
668	5	9
668	5	391
0	4	9
9	4	391
0	0	1
0	1	669
0	2	540
9	0	1
9	1	669
391	0	1
408	6	0
408	7	157
408	5	0
408	5	23
408	5	400
408	5	9
408	5	30
408	5	0
408	5	157
0	4	23
23	4	400
400	4	9
9	4	30
30	4	0
0	4	157
0	0	1
0	1	670
0	2	671
23	0	1
23	1	670
400	0	1
400	1	670
400	8	410
9	0	1
9	1	670
9	8	111
30	0	1
30	1	410
0	0	1
0	1	156
0	2	671
157	0	1
157	1	410
672	6	0
672	7	9
672	5	0
672	5	9
672	5	30
672	5	0
672	5	9
672	5	0
672	5	157
672	5	9
672	5	9
0	4	9
9	4	30
30	4	0
0	4	9
9	4	0
0	4	157
157	4	9
9	4	9
0	0	1
0	1	161
0	2	25
9	0	1
9	1	161
9	10	148
30	0	1
30	1	161
0	0	1
0	1	161
0	2	148
9	0	1
9	1	161
9	8	3
0	0	1
0	1	619
0	2	3
157	0	1
157	1	161
9	0	1
9	1	619
9	8	3
9	0	1
9	1	161
9	10	158
673	6	0
673	7	9
673	5	0
673	5	0
673	5	157
673	5	9
673	5	9
0	4	0
0	4	157
157	4	9
9	4	9
0	0	1
0	1	674
0	2	111
0	0	1
0	1	619
0	2	111
157	0	1
157	1	674
9	0	1
9	1	619
9	8	111
9	0	1
9	1	674
9	8	111
675	6	0
675	7	6
675	5	0
675	5	9
675	5	0
675	5	9
675	5	0
675	5	6
675	5	6
675	5	9
675	5	0
675	5	6
675	5	6
675	5	143
675	5	0
675	5	9
675	5	0
675	5	6
675	5	6
675	5	9
675	5	143
675	5	0
675	5	6
675	5	6
0	4	9
9	4	0
0	4	9
9	4	0
0	4	6
6	4	6
6	4	9
9	4	0
0	4	6
6	4	6
6	4	143
143	4	0
0	4	9
9	4	0
0	4	6
6	4	6
6	4	9
9	4	143
143	4	0
0	4	6
6	4	6
0	0	1
0	1	519
0	2	15
9	0	1
9	1	519
9	3	144
0	0	1
0	1	8
0	2	111
9	0	1
9	1	8
9	8	139
0	0	1
0	1	170
0	2	111
6	0	1
6	1	82
6	2	170
6	3	8
9	0	1
9	1	170
9	8	111
0	0	1
0	1	144
0	2	111
6	0	1
6	1	519
6	3	8
6	2	144
143	0	1
143	1	519
143	10	8
0	0	1
0	1	171
0	2	111
9	0	1
9	1	171
9	11	8
0	0	1
0	1	172
0	2	111
6	0	1
6	1	7
6	2	172
6	3	8
9	0	1
9	1	172
9	8	111
143	0	1
143	1	519
143	10	8
0	0	1
0	1	8
0	2	139
6	0	1
6	1	519
6	2	8
6	10	171
676	6	0
676	7	9
676	5	0
676	5	9
0	4	9
0	0	1
0	1	677
0	2	111
9	0	1
9	1	677
9	2	678
679	6	0
679	7	157
679	5	0
679	5	9
679	5	0
679	5	157
0	4	9
9	4	0
0	4	157
0	0	1
0	1	569
0	2	540
9	0	1
9	1	669
9	10	680
0	0	1
0	1	681
0	2	671
157	0	1
157	1	681
157	8	569
682	6	391
682	7	9
682	5	391
682	5	0
682	5	9
682	5	30
682	5	392
682	5	4
682	5	9
391	4	0
0	4	9
9	4	30
30	4	392
392	4	4
4	4	9
391	0	1
391	1	29
391	10	575
0	0	1
0	1	683
0	10	575
9	0	1
9	1	683
9	12	29
30	0	1
30	1	683
30	12	29
392	0	1
392	1	29
392	10	575
4	0	1
4	1	683
4	10	575
9	0	1
9	1	684
9	10	575
685	6	391
685	7	9
685	5	391
685	5	0
685	5	9
685	5	30
685	5	392
685	5	4
685	5	157
685	5	391
685	5	9
685	5	30
685	5	392
685	5	4
685	5	9
391	4	0
0	4	9
9	4	30
30	4	392
392	4	4
4	4	157
157	4	391
391	4	9
9	4	30
30	4	392
392	4	4
4	4	9
391	0	1
391	1	29
391	10	575
0	0	1
0	1	683
0	10	575
9	0	1
9	1	683
9	12	29
30	0	1
30	1	683
30	12	29
392	0	1
392	1	29
392	10	575
4	0	1
4	1	683
4	10	575
157	0	1
157	1	579
157	9	683
391	0	1
391	1	29
391	10	575
9	0	1
9	1	683
9	12	29
30	0	1
30	1	683
30	12	29
392	0	1
392	1	29
392	10	575
4	0	1
4	1	683
4	10	575
9	0	1
9	1	684
9	10	575
686	6	0
686	7	9
686	5	0
686	5	23
686	5	9
686	5	0
686	5	23
686	5	6
686	5	135
686	5	9
686	5	135
686	5	687
686	5	9
0	4	23
23	4	9
9	4	0
0	4	23
23	4	6
6	4	135
135	4	9
9	4	135
135	4	687
687	4	9
0	0	1
0	1	688
0	2	158
23	0	1
23	1	688
9	0	1
9	1	688
9	8	3
0	0	1
0	1	426
0	2	469
23	0	1
23	1	426
6	0	1
6	1	426
6	3	688
135	0	1
135	1	426
9	0	1
9	1	689
9	10	469
135	0	1
135	1	690
135	8	688
687	0	1
687	1	688
687	10	469
9	0	1
9	1	688
9	8	3
691	6	0
691	7	9
691	5	0
691	5	23
691	5	6
691	5	135
691	5	9
0	4	23
23	4	6
6	4	135
135	4	9
0	0	1
0	1	688
0	2	158
23	0	1
23	1	688
6	0	1
6	1	688
6	3	354
135	0	1
135	1	688
9	0	1
9	1	688
9	10	158
692	6	0
692	7	9
692	5	0
692	5	23
692	5	6
692	5	9
692	5	391
692	5	0
692	5	30
692	5	157
692	5	9
692	5	392
692	5	4
692	5	9
0	4	23
23	4	6
6	4	9
9	4	391
391	4	0
0	4	30
30	4	157
157	4	9
9	4	392
392	4	4
4	4	9
0	0	1
0	1	688
0	2	158
23	0	1
23	1	688
6	0	1
6	1	688
6	3	354
9	0	1
9	1	688
9	10	148
391	0	1
391	1	29
391	8	148
0	0	1
0	1	619
0	2	469
30	0	1
30	1	619
30	12	29
157	0	1
157	1	688
157	9	619
9	0	1
9	1	688
9	10	158
392	0	1
392	1	29
392	8	148
4	0	1
4	1	619
9	0	1
9	1	619
9	10	469
693	6	0
693	7	9
693	5	0
693	5	23
693	5	9
693	5	23
693	5	0
693	5	6
693	5	9
693	5	135
693	5	0
693	5	135
693	5	9
0	4	23
23	4	9
9	4	23
23	4	0
0	4	6
6	4	9
9	4	135
135	4	0
0	4	135
135	4	9
0	0	1
0	1	689
0	2	469
23	0	1
23	1	689
9	0	1
9	1	689
9	8	3
23	0	1
23	1	15
0	0	1
0	1	426
0	10	15
6	0	1
6	1	426
6	3	689
9	0	1
9	1	426
9	3	15
135	0	1
135	1	15
0	0	1
0	1	689
0	2	3
135	0	1
135	1	689
9	0	1
9	1	689
9	10	469
694	6	0
694	7	9
694	5	0
694	5	23
694	5	6
694	5	135
694	5	9
0	4	23
23	4	6
6	4	135
135	4	9
0	0	1
0	1	689
0	2	469
23	0	1
23	1	689
6	0	1
6	1	426
6	2	689
6	3	354
135	0	1
135	1	689
9	0	1
9	1	689
9	10	469
695	6	0
695	7	9
695	5	0
695	5	23
695	5	6
695	5	135
695	5	9
0	4	23
23	4	6
6	4	135
135	4	9
0	0	1
0	1	689
0	2	469
23	0	1
23	1	114
23	8	689
6	0	1
6	1	689
6	8	515
135	0	1
135	1	114
135	8	689
9	0	1
9	1	689
9	10	469
696	6	23
696	7	135
696	5	23
696	5	0
696	5	9
696	5	135
23	4	0
0	4	9
9	4	135
23	0	1
23	1	697
0	0	1
0	1	698
0	2	697
9	0	1
9	1	698
9	8	111
135	0	1
135	1	697
699	6	23
699	7	135
699	5	23
699	5	0
699	5	9
699	5	135
23	4	0
0	4	9
9	4	135
23	0	1
23	1	697
0	0	1
0	1	698
0	8	111
9	0	1
9	1	698
9	2	697
135	0	1
135	1	697
700	6	23
700	7	9
700	5	23
700	5	0
700	5	9
700	5	0
700	5	391
700	5	30
700	5	392
700	5	4
700	5	157
700	5	135
700	5	391
700	5	30
700	5	392
700	5	4
700	5	9
23	4	0
0	4	9
9	4	0
0	4	391
391	4	30
30	4	392
392	4	4
4	4	157
157	4	135
135	4	391
391	4	30
30	4	392
392	4	4
4	4	9
23	0	1
23	1	697
0	0	1
0	1	698
0	2	697
9	0	1
9	1	698
9	8	111
0	0	1
0	1	574
0	2	575
391	0	1
391	1	29
391	10	575
30	0	1
30	1	574
30	12	29
392	0	1
392	1	29
392	10	575
4	0	1
4	1	574
4	10	575
157	0	1
157	1	697
157	9	574
135	0	1
135	1	697
391	0	1
391	1	29
391	10	575
30	0	1
30	1	574
30	12	29
392	0	1
392	1	29
392	10	575
4	0	1
4	1	574
4	10	575
9	0	1
9	1	574
9	10	575
701	6	23
701	7	391
701	5	23
701	5	0
701	5	9
701	5	135
701	5	391
23	4	0
0	4	9
9	4	135
135	4	391
23	0	1
23	1	702
23	8	703
0	0	1
0	1	161
0	2	469
9	0	1
9	1	161
9	10	703
135	0	1
135	1	702
135	8	703
391	0	1
391	1	704
391	8	703
705	6	23
705	7	135
705	5	23
705	5	0
705	5	9
705	5	135
23	4	0
0	4	9
9	4	135
23	0	1
23	1	702
23	8	703
0	0	1
0	1	161
0	8	111
9	0	1
9	1	161
9	10	703
135	0	1
135	1	702
135	8	703
706	6	392
706	7	135
706	5	392
706	5	23
706	5	0
706	5	9
706	5	135
392	4	23
23	4	0
0	4	9
9	4	135
392	0	1
392	1	704
392	8	703
23	0	1
23	1	702
23	8	703
0	0	1
0	1	161
0	2	703
9	0	1
9	1	161
9	8	111
135	0	1
135	1	702
135	8	703
707	6	392
707	7	9
707	5	392
707	5	23
707	5	0
707	5	9
707	5	0
707	5	391
707	5	30
707	5	392
707	5	4
707	5	157
707	5	135
707	5	391
707	5	30
707	5	392
707	5	4
707	5	9
392	4	23
23	4	0
0	4	9
9	4	0
0	4	391
391	4	30
30	4	392
392	4	4
4	4	157
157	4	135
135	4	391
391	4	30
30	4	392
392	4	4
4	4	9
392	0	1
392	1	703
23	0	1
23	1	703
0	0	1
0	1	161
0	2	703
9	0	1
9	1	161
9	8	3
0	0	1
0	1	619
0	2	3
391	0	1
391	1	29
30	0	1
30	1	619
30	12	29
392	0	1
392	1	29
392	10	575
4	0	1
4	1	619
4	10	575
157	0	1
157	1	703
157	9	619
135	0	1
135	1	703
391	0	1
391	1	29
30	0	1
30	1	619
30	12	29
392	0	1
392	1	29
4	0	1
4	1	619
9	0	1
9	1	619
9	8	3
708	6	23
708	7	135
708	5	23
708	5	0
708	5	9
708	5	0
708	5	9
708	5	0
708	5	9
708	5	0
708	5	9
708	5	135
23	4	0
0	4	9
9	4	0
0	4	9
9	4	0
0	4	9
9	4	0
0	4	9
9	4	135
23	0	1
23	1	158
23	10	469
0	0	1
0	1	689
0	2	158
9	0	1
9	1	689
9	8	3
0	0	1
0	1	17
0	2	158
9	0	1
9	1	17
9	8	3
0	0	1
0	1	16
0	2	158
9	0	1
9	1	16
9	8	3
0	0	1
0	1	709
0	2	158
9	0	1
9	1	709
9	8	3
135	0	1
135	1	158
135	10	469
710	6	23
710	7	135
710	5	23
710	5	0
710	5	9
710	5	0
710	5	9
710	5	0
710	5	9
710	5	135
23	4	0
0	4	9
9	4	0
0	4	9
9	4	0
0	4	9
9	4	135
23	0	1
23	1	158
23	10	469
0	0	1
0	1	689
0	2	3
9	0	1
9	1	689
9	3	158
0	0	1
0	1	17
0	2	18
9	0	1
9	1	17
9	3	158
0	0	1
0	1	16
0	2	3
9	0	1
9	1	16
9	3	158
135	0	1
135	1	158
135	10	469
711	6	23
711	7	9
711	5	23
711	5	0
711	5	9
711	5	0
711	5	391
711	5	30
711	5	392
711	5	4
711	5	157
711	5	135
711	5	391
711	5	30
711	5	392
711	5	4
711	5	9
23	4	0
0	4	9
9	4	0
0	4	391
391	4	30
30	4	392
392	4	4
4	4	157
157	4	135
135	4	391
391	4	30
30	4	392
392	4	4
4	4	9
23	0	1
23	1	158
23	10	469
0	0	1
0	1	712
0	2	158
9	0	1
9	1	712
9	8	3
0	0	1
0	1	619
0	2	469
391	0	1
391	1	29
391	10	469
30	0	1
30	1	619
30	12	29
392	0	1
392	1	29
392	10	469
4	0	1
4	1	619
4	10	469
157	0	1
157	1	158
157	9	619
135	0	1
135	1	158
135	10	469
391	0	1
391	1	29
391	10	469
30	0	1
30	1	619
30	12	29
392	0	1
392	1	29
392	10	469
4	0	1
4	1	619
4	10	469
9	0	1
9	1	619
9	8	3
713	6	0
713	7	9
713	5	0
713	5	391
713	5	30
713	5	392
713	5	4
713	5	9
0	4	391
391	4	30
30	4	392
392	4	4
4	4	9
0	0	1
0	1	714
0	2	469
391	0	1
391	1	29
391	10	469
30	0	1
30	1	714
30	12	29
392	0	1
392	1	29
392	10	469
4	0	1
4	1	714
4	10	148
9	0	1
9	1	714
9	10	469
715	6	0
715	7	9
715	5	0
715	5	9
0	4	9
0	0	1
0	1	714
0	2	469
9	0	1
9	1	714
9	10	354
716	6	0
716	7	9
716	5	0
716	5	9
716	5	0
716	5	9
716	5	0
716	5	9
716	5	0
716	5	391
716	5	30
716	5	392
716	5	4
716	5	157
716	5	391
716	5	30
716	5	392
716	5	4
716	5	9
0	4	9
9	4	0
0	4	9
9	4	0
0	4	9
9	4	0
0	4	391
391	4	30
30	4	392
392	4	4
4	4	157
157	4	391
391	4	30
30	4	392
392	4	4
4	4	9
0	0	1
0	1	17
0	2	18
9	0	1
9	1	17
9	8	18
0	0	1
0	1	689
0	2	3
9	0	1
9	1	689
9	10	158
0	0	1
0	1	709
0	2	3
9	0	1
9	1	709
9	11	18
0	0	1
0	1	714
0	2	469
391	0	1
391	1	29
391	10	469
30	0	1
30	1	714
30	12	29
392	0	1
392	1	29
392	10	469
4	0	1
4	1	714
4	10	148
157	0	1
157	1	3
157	9	714
391	0	1
391	1	29
391	10	469
30	0	1
30	1	714
30	12	29
392	0	1
392	1	29
392	10	469
4	0	1
4	1	714
4	10	148
9	0	1
9	1	714
9	8	3
717	6	23
717	7	135
717	5	23
717	5	0
717	5	350
717	5	135
23	4	0
0	4	350
350	4	135
23	0	1
23	1	697
0	0	1
0	1	718
0	2	697
350	0	1
350	1	718
350	10	354
135	0	1
135	1	697
719	6	0
719	7	350
719	5	0
719	5	350
0	4	350
0	0	1
0	1	720
0	8	111
350	0	1
350	1	720
350	10	354
721	6	23
721	7	135
721	5	23
721	5	0
721	5	23
721	5	6
721	5	135
721	5	9
721	5	135
23	4	0
0	4	23
23	4	6
6	4	135
135	4	9
9	4	135
23	0	1
23	1	697
0	0	1
0	1	718
0	2	697
23	0	1
23	1	718
6	0	1
6	1	718
6	8	111
135	0	1
135	1	718
9	0	1
9	1	718
9	3	697
135	0	1
135	1	697
722	6	23
722	7	135
722	5	23
722	5	0
722	5	23
722	5	6
722	5	135
722	5	9
722	5	135
23	4	0
0	4	23
23	4	6
6	4	135
135	4	9
9	4	135
23	0	1
23	1	697
0	0	1
0	1	718
0	2	697
23	0	1
23	1	718
6	0	1
6	1	720
6	2	718
6	3	354
135	0	1
135	1	718
9	0	1
9	1	718
9	10	697
135	0	1
135	1	697
723	6	0
723	7	9
723	5	0
723	5	9
723	5	0
723	5	9
723	5	0
723	5	9
0	4	9
9	4	0
0	4	9
9	4	0
0	4	9
0	0	1
0	1	724
0	8	725
9	0	1
9	1	724
9	8	726
0	0	1
0	1	286
0	8	725
9	0	1
9	1	286
9	8	726
0	0	1
0	1	727
0	8	725
9	0	1
9	1	727
9	8	287
728	6	0
728	7	9
728	5	0
728	5	9
0	4	9
0	0	1
0	1	729
0	2	287
9	0	1
9	1	729
9	11	730
731	6	0
731	7	350
731	5	0
731	5	350
0	4	350
0	0	1
0	1	729
0	11	507
350	0	1
350	1	729
350	10	354
732	6	23
732	7	135
732	5	23
732	5	0
732	5	9
732	5	135
23	4	0
0	4	9
9	4	135
23	0	1
23	1	726
0	0	1
0	1	286
0	2	287
9	0	1
9	1	286
9	10	726
135	0	1
135	1	726
733	6	23
733	7	135
733	5	23
733	5	0
733	5	9
733	5	135
23	4	0
0	4	9
9	4	135
23	0	1
23	1	726
0	0	1
0	1	286
0	2	726
9	0	1
9	1	286
9	8	287
135	0	1
135	1	726
734	6	23
734	7	9
734	5	23
734	5	0
734	5	9
734	5	0
734	5	391
734	5	30
734	5	392
734	5	4
734	5	157
734	5	135
734	5	391
734	5	30
734	5	392
734	5	4
734	5	9
23	4	0
0	4	9
9	4	0
0	4	391
391	4	30
30	4	392
392	4	4
4	4	157
157	4	135
135	4	391
391	4	30
30	4	392
392	4	4
4	4	9
23	0	1
23	1	735
23	8	726
0	0	1
0	1	286
0	2	726
9	0	1
9	1	286
9	8	287
0	0	1
0	1	574
0	2	575
391	0	1
391	1	29
391	10	575
30	0	1
30	1	574
30	12	29
392	0	1
392	1	29
392	10	575
4	0	1
4	1	574
4	10	575
157	0	1
157	1	726
157	9	574
135	0	1
135	1	735
135	8	726
391	0	1
391	1	29
391	10	575
30	0	1
30	1	574
30	12	29
392	0	1
392	1	29
392	10	575
4	0	1
4	1	574
4	10	575
9	0	1
9	1	574
9	10	575
736	6	0
736	7	9
736	5	0
736	5	141
736	5	9
0	4	141
141	4	9
0	0	1
0	1	737
0	10	738
141	0	1
141	1	739
141	8	737
9	0	1
9	1	737
9	10	738
740	6	0
740	7	9
740	5	0
740	5	141
740	5	9
0	4	141
141	4	9
0	0	1
0	1	737
0	10	738
141	0	1
141	1	741
141	8	737
9	0	1
9	1	737
9	10	738
742	6	0
742	7	9
742	5	0
742	5	9
742	5	0
742	5	9
742	5	0
742	5	19
742	5	9
742	5	0
742	5	9
742	5	0
742	5	6
742	5	9
742	5	391
742	5	0
742	5	9
742	5	392
742	5	0
742	5	9
0	4	9
9	4	0
0	4	9
9	4	0
0	4	19
19	4	9
9	4	0
0	4	9
9	4	0
0	4	6
6	4	9
9	4	391
391	4	0
0	4	9
9	4	392
392	4	0
0	4	9
0	0	1
0	1	16
0	11	18
9	0	1
9	1	16
9	8	3
0	0	1
0	1	206
0	2	15
9	0	1
9	1	206
9	8	16
0	0	1
0	1	17
0	2	18
19	0	1
19	1	206
19	9	17
9	0	1
9	1	17
9	8	18
0	0	1
0	1	319
0	2	469
9	0	1
9	1	319
9	8	743
0	0	1
0	1	170
0	2	158
6	0	1
6	1	170
6	10	319
9	0	1
9	1	170
9	10	158
391	0	1
391	1	739
391	8	743
0	0	1
0	1	206
0	2	16
9	0	1
9	1	206
9	3	319
392	0	1
392	1	741
392	8	743
0	0	1
0	1	206
0	2	319
9	0	1
9	1	206
9	3	144
744	6	0
744	7	9
744	5	0
744	5	9
744	5	0
744	5	9
744	5	0
744	5	19
744	5	9
744	5	0
744	5	9
744	5	0
744	5	6
744	5	9
744	5	391
744	5	0
744	5	9
744	5	0
744	5	745
744	5	9
744	5	392
744	5	0
744	5	9
0	4	9
9	4	0
0	4	9
9	4	0
0	4	19
19	4	9
9	4	0
0	4	9
9	4	0
0	4	6
6	4	9
9	4	391
391	4	0
0	4	9
9	4	0
0	4	745
745	4	9
9	4	392
392	4	0
0	4	9
0	0	1
0	1	16
0	11	18
9	0	1
9	1	16
9	8	3
0	0	1
0	1	520
0	2	15
9	0	1
9	1	520
9	8	16
0	0	1
0	1	17
0	2	18
19	0	1
19	1	520
19	9	17
9	0	1
9	1	17
9	8	18
0	0	1
0	1	319
0	2	469
9	0	1
9	1	319
9	8	743
0	0	1
0	1	170
0	2	158
6	0	1
6	1	82
6	2	170
6	3	319
9	0	1
9	1	170
9	3	158
391	0	1
391	1	739
391	8	743
0	0	1
0	1	520
0	2	16
9	0	1
9	1	520
9	10	319
0	0	1
0	1	746
0	11	18
745	0	1
745	1	746
745	10	319
9	0	1
9	1	746
9	10	148
392	0	1
392	1	741
392	8	743
0	0	1
0	1	520
0	2	319
9	0	1
9	1	520
9	3	144
747	6	0
747	7	9
747	5	0
747	5	9
747	5	0
747	5	9
747	5	0
747	5	9
747	5	0
747	5	9
747	5	0
747	5	9
0	4	9
9	4	0
0	4	9
9	4	0
0	4	9
9	4	0
0	4	9
9	4	0
0	4	9
0	0	1
0	1	748
0	10	749
9	0	1
9	1	748
9	8	287
0	0	1
0	1	750
0	10	749
9	0	1
9	1	750
9	8	287
0	0	1
0	1	751
0	10	749
9	0	1
9	1	751
9	8	287
0	0	1
0	1	752
0	8	749
9	0	1
9	1	752
9	8	287
0	0	1
0	1	753
0	8	749
9	0	1
9	1	753
9	8	287
754	6	0
754	7	9
754	5	0
754	5	9
754	5	0
754	5	9
754	5	0
754	5	9
754	5	0
754	5	9
754	5	0
754	5	9
754	5	0
754	5	391
754	5	30
754	5	392
754	5	4
754	5	157
754	5	391
754	5	30
754	5	392
754	5	4
754	5	9
754	5	0
754	5	9
754	5	0
754	5	9
754	5	0
754	5	9
754	5	0
754	5	9
754	5	0
754	5	9
0	4	9
9	4	0
0	4	9
9	4	0
0	4	9
9	4	0
0	4	9
9	4	0
0	4	9
9	4	0
0	4	391
391	4	30
30	4	392
392	4	4
4	4	157
157	4	391
391	4	30
30	4	392
392	4	4
4	4	9
9	4	0
0	4	9
9	4	0
0	4	9
9	4	0
0	4	9
9	4	0
0	4	9
9	4	0
0	4	9
0	0	1
0	1	748
0	2	749
9	0	1
9	1	748
9	8	111
0	0	1
0	1	750
0	2	749
9	0	1
9	1	750
9	8	111
0	0	1
0	1	751
0	2	749
9	0	1
9	1	751
9	8	111
0	0	1
0	1	752
0	2	749
9	0	1
9	1	752
9	8	111
0	0	1
0	1	753
0	2	749
9	0	1
9	1	753
9	8	111
0	0	1
0	1	574
0	2	575
391	0	1
391	1	29
391	10	575
30	0	1
30	1	574
30	12	29
392	0	1
392	1	29
392	10	575
4	0	1
4	1	574
4	10	575
157	0	1
157	1	749
157	9	574
391	0	1
391	1	29
391	10	575
30	0	1
30	1	574
30	12	29
392	0	1
392	1	29
392	10	575
4	0	1
4	1	574
4	10	575
9	0	1
9	1	574
9	10	575
0	0	1
0	1	748
0	2	111
9	0	1
9	1	748
9	3	749
0	0	1
0	1	750
0	2	111
9	0	1
9	1	750
9	3	749
0	0	1
0	1	751
0	2	111
9	0	1
9	1	751
9	3	749
0	0	1
0	1	752
0	2	111
9	0	1
9	1	752
9	3	749
0	0	1
0	1	753
0	2	111
9	0	1
9	1	753
9	3	749
755	6	0
755	7	9
755	5	0
755	5	9
755	5	0
755	5	9
755	5	0
755	5	9
755	5	0
755	5	9
755	5	0
755	5	9
0	4	9
9	4	0
0	4	9
9	4	0
0	4	9
9	4	0
0	4	9
9	4	0
0	4	9
0	0	1
0	1	748
0	2	111
9	0	1
9	1	748
9	3	749
0	0	1
0	1	750
0	2	111
9	0	1
9	1	750
9	3	749
0	0	1
0	1	751
0	2	111
9	0	1
9	1	751
9	3	749
0	0	1
0	1	752
0	2	111
9	0	1
9	1	752
9	3	749
0	0	1
0	1	753
0	2	111
9	0	1
9	1	753
9	3	749
756	6	568
756	7	572
756	5	568
756	5	603
756	5	9
756	5	157
756	5	634
756	5	350
756	5	572
568	4	603
603	4	9
9	4	157
157	4	634
634	4	350
350	4	572
568	0	1
568	1	730
603	0	1
603	1	757
9	0	1
9	1	757
9	8	730
157	0	1
157	1	730
157	9	757
634	0	1
634	1	758
634	2	730
350	0	1
350	1	757
350	3	354
572	0	1
572	1	730
759	6	392
759	7	392
759	5	392
759	5	568
759	5	0
759	5	157
759	5	634
759	5	9
759	5	572
759	5	391
759	5	392
392	4	568
568	4	0
0	4	157
157	4	634
634	4	9
9	4	572
572	4	391
391	4	392
392	0	1
392	1	760
392	8	111
568	0	1
568	1	760
0	0	1
0	1	619
0	2	469
157	0	1
157	1	760
157	9	619
634	0	1
634	1	758
634	2	760
9	0	1
9	1	619
9	3	469
572	0	1
572	1	760
391	0	1
391	1	760
391	8	111
392	0	1
392	1	760
392	8	111
761	6	603
761	7	157
761	5	603
761	5	350
761	5	634
761	5	157
761	5	400
761	5	30
761	5	157
603	4	350
350	4	634
634	4	157
157	4	400
400	4	30
30	4	157
603	0	1
603	1	762
350	0	1
350	1	762
350	10	763
634	0	1
634	1	758
634	2	762
157	0	1
157	1	762
157	10	763
400	0	1
400	1	709
400	8	762
30	0	1
30	1	762
30	10	763
157	0	1
157	1	762
157	9	574
764	6	0
764	7	350
764	5	0
764	5	350
764	5	634
764	5	157
764	5	400
764	5	30
764	5	350
0	4	350
350	4	634
634	4	157
157	4	400
400	4	30
30	4	350
0	0	1
0	1	765
0	2	738
350	0	1
350	1	765
350	10	763
634	0	1
634	1	758
634	8	765
157	0	1
157	1	765
157	10	763
400	0	1
400	1	709
400	3	763
30	0	1
30	1	765
30	10	763
350	0	1
350	1	574
350	3	354
766	6	0
766	7	9
766	5	0
766	5	23
766	5	141
766	5	135
766	5	9
0	4	23
23	4	141
141	4	135
135	4	9
0	0	1
0	1	767
0	2	330
23	0	1
23	1	767
23	10	280
141	0	1
141	1	768
135	0	1
135	1	767
135	11	330
9	0	1
9	1	767
9	3	330
769	6	603
769	7	350
769	5	603
769	5	350
769	5	634
769	5	157
769	5	400
769	5	30
769	5	350
603	4	350
350	4	634
634	4	157
157	4	400
400	4	30
30	4	350
603	0	1
603	1	770
350	0	1
350	1	770
350	10	771
634	0	1
634	1	758
634	8	770
157	0	1
157	1	770
157	10	771
400	0	1
400	1	709
400	8	770
30	0	1
30	1	770
30	10	771
350	0	1
350	1	574
350	3	354
772	6	603
772	7	9
772	5	603
772	5	6
772	5	628
772	5	9
772	5	400
772	5	30
772	5	0
772	5	157
772	5	9
603	4	6
6	4	628
628	4	9
9	4	400
400	4	30
30	4	0
0	4	157
157	4	9
603	0	1
603	1	773
603	2	139
6	0	1
6	1	129
6	3	773
628	0	1
628	1	129
628	2	773
9	0	1
9	1	773
9	3	148
400	0	1
400	1	709
400	3	773
30	0	1
30	1	773
30	10	148
0	0	1
0	1	619
0	2	3
157	0	1
157	1	773
157	9	619
9	0	1
9	1	773
9	8	139
774	6	636
774	7	626
774	5	636
774	5	634
774	5	775
774	5	626
636	4	634
634	4	775
775	4	626
636	0	1
636	1	569
636	2	776
634	0	1
634	1	579
634	10	776
775	0	1
775	1	579
775	10	776
626	0	1
626	1	569
626	10	776
777	6	0
777	7	9
777	5	0
777	5	9
777	5	687
777	5	23
777	5	6
777	5	778
777	5	6
777	5	143
777	5	6
777	5	9
0	4	9
9	4	687
687	4	23
23	4	6
6	4	778
778	4	6
6	4	143
143	4	6
6	4	9
0	0	1
0	1	109
0	2	15
9	0	1
9	1	109
9	8	3
687	0	1
687	1	109
687	8	3
23	0	1
23	1	109
6	0	1
6	1	109
6	3	773
778	0	1
778	1	109
778	10	773
6	0	1
6	1	165
6	3	773
143	0	1
143	1	109
143	10	773
6	0	1
6	1	109
6	3	110
9	0	1
9	1	110
9	8	25
779	6	0
779	7	9
779	5	0
779	5	9
779	5	23
779	5	373
779	5	9
779	5	626
779	5	778
779	5	6
779	5	9
0	4	9
9	4	23
23	4	373
373	4	9
9	4	626
626	4	778
778	4	6
6	4	9
0	0	1
0	1	780
0	2	158
9	0	1
9	1	780
9	8	111
23	0	1
23	1	780
373	0	1
373	1	781
373	2	780
9	0	1
9	1	781
9	3	782
626	0	1
626	1	782
626	9	129
778	0	1
778	1	781
778	10	782
6	0	1
6	1	781
6	3	110
9	0	1
9	1	110
9	8	111
783	6	603
783	7	636
783	5	603
783	5	9
783	5	603
783	5	9
783	5	400
783	5	157
783	5	9
783	5	0
783	5	157
783	5	775
783	5	350
783	5	30
783	5	636
603	4	9
9	4	603
603	4	9
9	4	400
400	4	157
157	4	9
9	4	0
0	4	157
157	4	775
775	4	350
350	4	30
30	4	636
603	0	1
603	1	770
603	2	776
9	0	1
9	1	770
9	8	784
603	0	1
603	1	574
603	2	575
9	0	1
9	1	574
9	8	784
400	0	1
400	1	709
400	8	785
157	0	1
157	1	785
157	9	574
9	0	1
9	1	574
9	3	575
0	0	1
0	1	770
0	2	784
157	0	1
157	1	785
157	11	784
775	0	1
775	1	785
775	11	784
350	0	1
350	1	770
350	10	771
30	0	1
30	1	770
30	10	771
636	0	1
636	1	770
636	10	776
786	6	392
786	7	392
786	5	392
786	5	568
786	5	603
786	5	634
786	5	157
786	5	9
786	5	572
786	5	391
786	5	392
392	4	568
568	4	603
603	4	634
634	4	157
157	4	9
9	4	572
572	4	391
391	4	392
392	0	1
392	1	787
392	8	788
568	0	1
568	1	787
603	0	1
603	1	787
634	0	1
634	1	758
634	2	787
157	0	1
157	1	787
157	11	788
9	0	1
9	1	787
9	8	788
572	0	1
572	1	787
391	0	1
391	1	787
391	8	788
392	0	1
392	1	787
392	8	788
789	6	603
789	7	636
789	5	603
789	5	9
789	5	603
789	5	23
789	5	626
789	5	636
789	5	636
603	4	9
9	4	603
603	4	23
23	4	626
626	4	636
636	4	636
603	0	1
603	1	332
603	2	330
9	0	1
9	1	332
9	8	287
603	0	1
603	1	336
603	2	330
23	0	1
23	1	332
23	8	287
626	0	1
626	1	332
626	8	287
636	0	1
636	1	332
636	10	330
636	0	1
636	1	336
636	10	330
790	6	120
790	7	636
790	5	120
790	5	603
790	5	23
790	5	9
790	5	603
790	5	23
790	5	352
790	5	352
790	5	244
790	5	9
790	5	9
790	5	135
790	5	135
790	5	636
790	5	636
120	4	603
603	4	23
23	4	9
9	4	603
603	4	23
23	4	352
352	4	352
352	4	244
244	4	9
9	4	9
9	4	135
135	4	135
135	4	636
636	4	636
120	0	1
120	1	330
120	10	540
603	0	1
603	1	635
603	2	330
23	0	1
23	1	635
23	8	111
9	0	1
9	1	635
9	8	111
603	0	1
603	1	767
603	2	330
23	0	1
23	1	767
23	8	111
352	0	1
352	1	767
352	11	111
352	0	1
352	1	635
352	11	111
244	0	1
244	1	767
244	10	635
9	0	1
9	1	635
9	8	111
9	0	1
9	1	767
9	8	111
135	0	1
135	1	767
135	8	111
135	0	1
135	1	635
135	8	111
636	0	1
636	1	635
636	10	330
636	0	1
636	1	767
636	10	330
791	6	23
791	7	590
791	5	23
791	5	590
23	4	590
23	0	1
23	1	355
23	11	354
590	0	1
590	1	355
590	10	354
792	6	352
792	7	350
792	5	352
792	5	351
792	5	350
352	4	351
351	4	350
352	0	1
352	1	355
352	2	354
351	0	1
351	1	355
351	11	354
350	0	1
350	1	355
350	3	793
794	6	0
794	7	9
794	5	0
794	5	6
794	5	9
0	4	6
6	4	9
0	0	1
0	1	355
0	2	540
6	0	1
6	1	355
6	3	354
9	0	1
9	1	355
9	8	579
795	6	0
795	7	9
795	5	0
795	5	9
795	5	0
795	5	19
795	5	0
795	5	9
0	4	9
9	4	0
0	4	19
19	4	0
0	4	9
0	0	1
0	1	796
0	2	15
9	0	1
9	1	796
9	8	16
0	0	1
0	1	17
0	2	18
19	0	1
19	1	796
19	8	16
0	0	1
0	1	796
0	2	16
9	0	1
9	1	796
9	8	171
797	6	572
797	7	568
797	5	572
797	5	391
797	5	798
797	5	6
797	5	392
797	5	568
572	4	391
391	4	798
798	4	6
6	4	392
392	4	568
572	0	1
572	1	760
391	0	1
391	1	760
391	10	469
798	0	1
798	1	617
798	10	760
6	0	1
6	1	617
6	3	110
392	0	1
392	1	760
392	10	469
568	0	1
568	1	760
799	6	6
799	7	6
799	5	6
799	5	778
799	5	6
799	5	143
799	5	6
6	4	778
778	4	6
6	4	143
143	4	6
6	0	1
6	1	800
6	3	144
6	0	1
6	1	109
6	3	144
778	0	1
778	1	109
6	0	1
6	1	165
6	3	144
143	0	1
143	1	109
143	10	144
6	0	1
6	1	801
6	8	171
0	0	1
0	1	574
0	2	3
157	0	1
157	1	802
157	9	574
9	0	1
9	1	574
9	8	3
0	4	157
157	4	9
803	5	0
803	5	157
803	5	9
803	6	0
803	7	9
0	0	1
0	1	804
0	2	15
9	0	1
9	1	804
9	8	16
0	0	1
0	1	17
0	2	18
19	0	1
19	1	804
9	0	1
9	1	17
9	8	18
0	0	1
0	1	804
0	2	16
9	0	1
9	1	804
9	8	171
0	4	9
9	4	0
0	4	19
19	4	9
9	4	0
0	4	9
805	5	0
805	5	9
805	5	0
805	5	19
805	5	9
805	5	0
805	5	9
805	6	0
805	7	9
23	0	1
23	1	538
590	0	1
590	1	569
590	3	538
135	0	1
135	1	538
23	4	590
590	4	135
806	5	23
806	5	590
806	5	135
806	6	23
806	7	135
572	0	1
572	1	807
391	0	1
391	1	807
391	8	287
572	4	391
808	5	572
808	5	391
808	6	572
808	7	391
392	0	1
392	1	807
392	8	287
568	0	1
568	1	807
392	4	568
809	5	392
809	5	568
809	6	392
809	7	568
0	0	1
0	1	574
0	2	575
157	0	1
157	1	810
157	9	574
9	0	1
9	1	574
9	3	575
0	4	157
157	4	9
811	5	0
811	5	157
811	5	9
811	6	0
811	7	9
572	0	1
572	1	810
391	0	1
391	1	810
391	8	287
572	4	391
812	5	572
812	5	391
812	6	572
812	7	391
392	0	1
392	1	810
392	8	287
568	0	1
568	1	810
392	4	568
813	5	392
813	5	568
813	6	392
813	7	568
0	0	1
0	1	814
0	2	579
590	0	1
590	1	814
590	10	815
9	0	1
9	1	815
9	12	29
23	0	1
23	1	29
0	0	1
0	1	398
0	2	575
30	0	1
30	1	814
30	9	398
135	0	1
135	1	29
9	0	1
9	1	398
9	10	575
9	0	1
9	1	814
9	8	784
0	4	590
590	4	9
9	4	23
23	4	0
0	4	30
30	4	135
135	4	9
9	4	9
816	5	0
816	5	590
816	5	9
816	5	23
816	5	0
816	5	30
816	5	135
816	5	9
816	5	9
816	6	0
816	7	9
0	0	1
0	1	817
0	2	575
23	0	1
23	1	817
6	0	1
6	1	817
6	3	815
135	0	1
135	1	817
9	0	1
9	1	817
9	3	575
0	4	23
23	4	6
6	4	135
135	4	9
818	5	0
818	5	23
818	5	6
818	5	135
818	5	9
818	6	0
818	7	9
0	0	1
0	1	819
0	2	15
9	0	1
9	1	819
9	8	16
0	0	1
0	1	17
0	2	18
19	0	1
19	1	819
19	9	17
9	0	1
9	1	17
9	8	18
0	0	1
0	1	819
0	2	16
9	0	1
9	1	819
9	8	171
0	4	9
9	4	0
0	4	19
19	4	9
9	4	0
0	4	9
820	5	0
820	5	9
820	5	0
820	5	19
820	5	9
820	5	0
820	5	9
820	6	0
820	7	9
0	0	1
0	1	819
0	2	15
9	0	1
9	1	819
9	8	171
0	0	1
0	1	171
9	0	1
9	1	171
9	3	612
391	0	1
391	1	612
392	0	1
392	1	612
0	0	1
0	1	819
0	2	612
9	0	1
9	1	171
9	8	25
0	4	9
9	4	0
0	4	9
9	4	391
391	4	392
392	4	0
0	4	9
821	5	0
821	5	9
821	5	0
821	5	9
821	5	391
821	5	392
821	5	0
821	5	9
821	6	0
821	7	9
0	0	1
0	1	822
0	2	15
9	0	1
9	1	822
9	8	16
0	0	1
0	1	17
0	2	18
19	0	1
19	1	822
19	9	17
9	0	1
9	1	17
9	8	18
0	0	1
0	1	822
0	2	16
9	0	1
9	1	822
9	8	171
0	4	9
9	4	0
0	4	19
19	4	9
9	4	0
0	4	9
823	5	0
823	5	9
823	5	0
823	5	19
823	5	9
823	5	0
823	5	9
823	6	0
823	7	9
0	0	1
0	1	822
0	2	15
9	0	1
9	1	822
9	8	171
0	0	1
0	1	171
9	0	1
9	1	171
9	3	612
391	0	1
391	1	612
392	0	1
392	1	612
0	0	1
0	1	171
0	2	612
9	0	1
9	1	171
9	8	25
0	4	9
9	4	0
0	4	9
9	4	391
391	4	392
392	4	0
0	4	9
824	5	0
824	5	9
824	5	0
824	5	9
824	5	391
824	5	392
824	5	0
824	5	9
824	6	0
824	7	9
0	0	1
0	1	825
0	2	15
9	0	1
9	1	825
9	8	16
0	0	1
0	1	17
0	2	18
19	0	1
19	1	825
19	9	17
9	0	1
9	1	17
9	8	18
0	0	1
0	1	825
0	2	16
9	0	1
9	1	825
9	8	171
0	4	9
9	4	0
0	4	19
19	4	9
9	4	0
0	4	9
826	5	0
826	5	9
826	5	0
826	5	19
826	5	9
826	5	0
826	5	9
826	6	0
826	7	9
0	0	1
0	1	574
0	2	3
6	0	1
6	1	129
6	8	827
157	0	1
157	1	827
157	9	574
9	0	1
9	1	574
9	8	3
0	4	6
6	4	157
157	4	9
828	5	0
828	5	6
828	5	157
828	5	9
828	6	0
828	7	9
0	0	1
0	1	829
0	2	579
9	0	1
9	1	829
9	12	29
23	0	1
23	1	29
0	0	1
0	1	398
0	2	575
30	0	1
30	1	829
135	0	1
135	1	29
6	0	1
6	1	129
6	2	829
9	0	1
9	1	398
9	3	575
9	0	1
9	1	829
9	8	784
0	4	9
9	4	23
23	4	0
0	4	30
30	4	135
135	4	6
6	4	9
9	4	9
830	5	0
830	5	9
830	5	23
830	5	0
830	5	30
830	5	135
830	5	6
830	5	9
830	5	9
830	6	0
830	7	9
0	0	1
0	1	829
0	2	579
6	0	1
6	1	129
6	2	829
9	0	1
9	1	829
9	8	784
0	4	6
6	4	9
831	5	0
831	5	6
831	5	9
831	6	0
831	7	9
0	0	1
0	1	832
0	2	579
23	0	1
23	1	833
350	0	1
350	1	832
350	3	833
135	0	1
135	1	833
0	4	23
23	4	350
350	4	135
834	5	0
834	5	23
834	5	350
834	5	135
834	6	0
834	7	135
0	0	1
0	1	833
0	2	579
23	0	1
23	1	833
6	0	1
6	1	835
6	2	833
590	0	1
590	1	835
590	3	355
135	0	1
135	1	833
0	4	23
23	4	6
6	4	590
590	4	135
836	5	0
836	5	23
836	5	6
836	5	590
836	5	135
836	6	0
836	7	135
23	0	1
23	1	837
23	1	838
23	10	837
9	0	1
9	1	724
9	3	837
135	1	838
135	0	1
135	0	1
135	1	837
23	4	23
23	4	9
9	4	135
135	4	135
839	5	23
839	5	23
839	5	9
839	5	135
839	5	135
839	6	23
839	7	135
0	0	1
0	1	840
0	2	28
590	0	1
590	1	840
590	10	530
0	0	1
0	1	709
0	2	575
400	0	1
400	1	709
400	3	530
391	0	1
391	1	530
392	0	1
392	1	530
0	0	1
0	1	840
0	2	530
841	0	1
841	1	840
841	8	842
590	0	1
590	1	842
590	8	784
0	4	590
590	4	0
0	4	400
400	4	391
391	4	392
392	4	0
0	4	841
841	4	590
843	5	0
843	5	590
843	5	0
843	5	400
843	5	391
843	5	392
843	5	0
843	5	841
843	5	590
843	6	0
843	7	590
0	0	1
0	1	574
0	2	575
6	0	1
6	1	844
6	8	845
157	0	1
157	1	845
9	0	1
9	1	574
9	8	575
0	4	6
6	4	157
157	4	9
846	5	0
846	5	6
846	5	157
846	5	9
846	6	0
846	7	9
0	0	1
0	1	825
0	2	15
9	0	1
9	1	825
9	3	28
391	0	1
391	1	29
30	0	1
30	1	825
30	10	28
392	0	1
392	1	29
0	0	1
0	1	825
0	2	28
9	0	1
9	1	825
9	8	171
0	4	9
9	4	391
391	4	30
30	4	392
392	4	0
0	4	9
847	5	0
847	5	9
847	5	391
847	5	30
847	5	392
847	5	0
847	5	9
847	6	0
847	7	9
23	0	1
23	1	848
0	0	1
0	1	724
0	2	848
590	0	1
590	1	724
590	10	111
135	0	1
135	1	848
23	4	0
0	4	590
590	4	135
849	5	23
849	5	0
849	5	590
849	5	135
849	6	23
849	7	135
0	0	1
0	1	850
0	2	851
141	0	1
141	1	852
141	0	1
141	1	852
590	0	1
590	1	850
590	10	851
0	4	141
141	4	141
141	4	590
853	5	0
853	5	141
853	5	141
853	5	590
853	6	0
853	7	590
0	0	1
0	1	574
0	2	575
391	0	1
391	1	29
30	0	1
30	1	574
392	0	1
392	1	29
4	0	1
4	1	574
157	0	1
157	1	111
391	0	1
391	1	29
30	0	1
30	1	574
392	0	1
392	1	29
4	0	1
4	1	574
590	0	1
590	1	574
590	10	575
0	4	391
391	4	30
30	4	392
392	4	4
4	4	157
157	4	391
391	4	30
30	4	392
392	4	4
4	4	590
649	5	0
649	5	391
649	5	30
649	5	392
649	5	4
649	5	157
649	5	391
649	5	30
649	5	392
649	5	4
649	5	590
649	6	0
649	7	590
23	0	1
23	1	848
0	0	1
0	1	724
0	2	848
854	0	1
854	1	724
350	0	1
350	1	724
350	10	354
135	0	1
135	1	848
23	4	0
0	4	854
854	4	350
350	4	135
855	5	23
855	5	0
855	5	854
855	5	350
855	5	135
855	6	23
855	7	135
0	0	1
0	1	709
0	2	3
23	0	1
23	1	709
400	0	1
400	1	709
400	3	148
135	0	1
135	1	709
9	0	1
9	1	709
9	8	3
0	4	23
23	4	400
400	4	135
135	4	9
856	5	0
856	5	23
856	5	400
856	5	135
856	5	9
856	6	0
856	7	9
0	0	1
0	1	857
634	0	1
634	9	857
634	1	579
590	0	1
590	1	857
590	10	858
0	4	634
634	4	590
859	5	0
859	5	634
859	5	590
859	6	0
859	7	590
0	0	1
0	1	156
0	2	575
391	0	1
391	1	29
30	0	1
30	1	156
392	0	1
392	1	29
4	0	1
4	1	156
157	0	1
157	1	389
391	0	1
391	1	29
30	0	1
30	1	156
392	0	1
392	1	29
4	0	1
4	1	156
9	0	1
9	1	156
9	3	575
0	4	391
391	4	30
30	4	392
392	4	4
4	4	157
157	4	391
391	4	30
30	4	392
392	4	4
4	4	9
860	5	0
860	5	391
860	5	30
860	5	392
860	5	4
860	5	157
860	5	391
860	5	30
860	5	392
860	5	4
860	5	9
860	6	0
860	7	9
23	0	1
23	1	538
0	0	1
0	1	569
0	2	538
350	0	1
350	1	569
350	8	579
23	4	0
0	4	350
861	5	23
861	5	0
861	5	350
861	6	23
861	7	350
0	0	1
0	1	569
0	2	28
590	0	1
590	1	569
590	3	530
23	0	1
23	1	709
6	0	1
6	1	709
6	3	530
135	0	1
135	1	709
862	0	1
862	1	530
863	0	1
863	1	530
0	0	1
0	1	569
0	2	530
841	0	1
841	1	569
841	8	842
590	0	1
590	1	842
590	8	864
0	4	590
590	4	23
23	4	6
6	4	135
135	4	862
862	4	863
863	4	0
0	4	841
841	4	590
679	5	0
679	5	590
679	5	23
679	5	6
679	5	135
679	5	862
679	5	863
679	5	0
679	5	841
679	5	590
679	6	0
679	7	590
23	0	1
23	1	354
0	0	1
0	1	657
0	2	354
590	0	1
590	1	657
590	3	355
135	0	1
135	1	354
350	0	1
350	1	355
350	3	354
23	4	0
0	4	590
590	4	135
135	4	350
865	5	23
865	5	0
865	5	590
865	5	135
865	5	350
865	6	23
865	7	350
0	0	1
0	1	596
0	2	15
866	0	1
866	1	596
590	0	1
590	1	596
590	8	16
19	0	1
19	1	596
19	8	16
590	0	1
590	1	867
590	3	171
0	4	866
866	4	590
590	4	19
19	4	590
868	5	0
868	5	866
868	5	590
868	5	19
868	5	590
868	6	0
868	7	590
869	0	1
869	1	870
869	10	871
0	0	1
0	1	737
0	2	111
141	0	1
141	1	852
590	0	1
590	1	737
590	10	111
872	4	0
0	4	141
141	4	590
873	5	869
873	5	0
873	5	141
873	5	590
873	6	869
873	7	590
0	0	1
0	1	574
0	2	575
391	0	1
391	1	29
30	0	1
30	1	574
392	0	1
392	1	29
4	0	1
4	1	574
157	0	1
157	1	874
391	0	1
391	1	29
30	0	1
30	1	574
392	0	1
392	1	29
4	0	1
4	1	574
590	0	1
590	1	574
590	10	575
0	4	391
391	4	30
30	4	392
392	4	4
4	4	157
157	4	391
391	4	30
30	4	392
392	4	4
4	4	590
875	5	0
875	5	391
875	5	30
875	5	392
875	5	4
875	5	157
875	5	391
875	5	30
875	5	392
875	5	4
875	5	590
875	6	0
875	7	590
0	0	1
0	1	574
0	2	575
391	0	1
391	1	29
30	0	1
30	1	574
392	0	1
392	1	29
4	0	1
4	1	574
157	0	1
157	1	785
391	0	1
391	1	29
30	0	1
30	1	574
392	0	1
392	1	29
4	0	1
4	1	574
590	0	1
590	1	574
590	10	575
0	4	391
391	4	30
30	4	392
392	4	4
4	4	157
157	4	391
391	4	30
30	4	392
392	4	4
4	4	590
876	5	0
876	5	391
876	5	30
876	5	392
876	5	4
876	5	157
876	5	391
876	5	30
876	5	392
876	5	4
876	5	590
876	6	0
876	7	590
0	0	1
0	1	647
0	2	877
157	0	1
157	1	111
350	0	1
350	1	647
350	3	354
0	4	157
157	4	350
878	5	0
878	5	157
878	5	350
878	6	0
878	7	350
0	0	1
0	1	574
0	2	575
391	0	1
391	1	29
30	0	1
30	1	574
392	0	1
392	1	29
4	0	1
4	1	574
157	0	1
157	1	671
391	0	1
391	1	29
30	0	1
30	1	574
392	0	1
392	1	29
4	0	1
4	1	574
590	0	1
590	1	574
590	10	575
0	4	391
391	4	30
30	4	392
392	4	4
4	4	157
157	4	391
391	4	30
30	4	392
392	4	4
4	4	590
879	5	0
879	5	391
879	5	30
879	5	392
879	5	4
879	5	157
879	5	391
879	5	30
879	5	392
879	5	4
879	5	590
879	6	0
879	7	590
0	0	1
0	1	880
0	2	575
157	0	1
157	1	881
141	0	1
141	1	852
590	0	1
590	1	880
590	10	575
0	4	157
157	4	141
141	4	590
882	5	0
882	5	157
882	5	141
882	5	590
882	6	0
882	7	590
0	0	1
0	1	574
0	2	575
391	0	1
391	1	29
30	0	1
30	1	574
392	0	1
392	1	29
4	0	1
4	1	574
157	0	1
157	1	883
391	0	1
391	1	29
30	0	1
30	1	574
392	0	1
392	1	29
4	0	1
4	1	574
590	0	1
590	1	574
590	10	575
0	4	391
391	4	30
30	4	392
392	4	4
4	4	157
157	4	391
391	4	30
30	4	392
392	4	4
4	4	590
884	5	0
884	5	391
884	5	30
884	5	392
884	5	4
884	5	157
884	5	391
884	5	30
884	5	392
884	5	4
884	5	590
884	6	0
884	7	590
0	0	1
0	1	619
0	2	3
352	0	1
352	1	619
0	4	352
885	5	0
885	5	352
885	6	0
885	7	352
0	0	1
0	1	619
0	2	3
352	0	1
352	1	619
9	0	1
9	1	619
9	8	458
0	4	352
352	4	9
886	5	0
886	5	352
886	5	9
886	6	0
886	7	9
0	0	1
0	1	619
0	2	3
608	0	1
608	1	619
608	11	458
350	0	1
350	1	619
350	11	458
0	4	608
608	4	350
887	5	0
887	5	608
887	5	350
887	6	0
887	7	350
0	0	1
0	1	619
0	2	3
608	0	1
608	1	619
608	8	458
9	0	1
9	1	619
9	8	161
0	4	608
608	4	9
888	5	0
888	5	608
888	5	9
888	6	0
888	7	9
0	0	1
0	1	619
0	2	3
889	0	1
889	1	619
889	8	890
0	0	1
0	1	619
0	11	458
608	0	1
608	1	619
608	13	3
9	0	1
9	1	619
9	8	3
0	4	889
889	4	0
0	4	608
608	4	9
891	5	0
891	5	889
891	5	608
891	5	9
891	6	0
891	7	9
0	0	1
0	1	619
0	2	3
608	0	1
608	1	619
608	13	416
9	0	1
9	1	619
9	8	416
157	0	1
157	1	416
157	9	619
0	4	608
608	4	9
9	4	157
892	5	0
892	5	608
892	5	9
892	5	157
892	6	0
892	7	157
0	0	1
0	1	893
0	2	538
608	0	1
608	1	893
608	13	458
350	0	1
350	1	893
350	11	458
0	4	608
608	4	350
894	5	0
894	5	608
894	5	350
894	6	0
894	7	350
0	0	1
0	1	890
0	2	538
9	0	1
9	1	890
9	8	111
889	0	1
889	1	890
0	0	1
0	1	890
0	2	111
608	0	1
608	1	569
608	13	538
9	0	1
9	1	569
9	10	538
0	4	9
9	4	889
889	4	0
0	4	608
608	4	9
895	5	0
895	5	9
895	5	889
895	5	608
895	5	9
895	6	0
895	7	9
0	0	1
0	1	893
0	2	538
352	0	1
352	1	893
352	8	458
9	0	1
9	1	893
9	8	458
0	4	352
352	4	9
896	5	0
896	5	352
896	5	9
896	6	0
896	7	9
0	0	1
0	1	893
0	2	458
608	0	1
608	1	893
608	13	530
9	0	1
9	1	893
9	10	530
391	0	1
391	1	530
0	4	608
608	4	9
9	4	391
897	5	0
897	5	608
897	5	9
897	5	391
897	6	0
897	7	391
0	0	1
0	1	893
0	2	538
608	0	1
608	1	893
608	13	458
9	0	1
9	1	893
9	8	458
0	4	608
608	4	9
898	5	0
898	5	608
898	5	9
898	6	0
898	7	9
0	0	1
0	1	893
0	2	538
352	0	1
352	1	893
0	4	352
899	5	0
899	5	352
899	6	0
899	7	352
0	0	1
0	1	757
0	2	458
350	0	1
350	1	757
350	11	458
0	4	350
900	5	0
900	5	350
900	6	0
900	7	350
0	0	1
0	1	757
0	2	458
608	0	1
608	1	757
608	13	458
9	0	1
9	1	757
9	8	458
0	4	608
608	4	9
901	5	0
901	5	608
901	5	9
901	6	608
901	7	9
386	0	1
386	1	757
386	2	757
854	0	1
854	1	757
854	10	757
350	0	1
350	1	757
350	10	354
386	4	854
854	4	350
902	5	386
902	5	854
902	5	350
902	6	386
902	7	350
0	0	1
0	1	757
0	2	458
352	0	1
352	1	757
352	8	458
9	0	1
9	1	757
9	11	458
0	4	352
352	4	9
903	5	0
903	5	352
903	5	9
903	6	0
903	7	9
0	0	1
0	1	757
0	2	458
352	0	1
352	1	757
352	8	458
0	4	352
904	5	0
904	5	352
904	6	0
904	7	352
0	0	1
0	1	574
608	0	1
608	1	574
608	13	905
9	0	1
9	1	574
9	8	905
157	0	1
157	1	905
157	9	574
0	4	608
608	4	9
9	4	157
906	5	0
906	5	608
906	5	9
906	5	157
906	6	0
906	7	157
0	0	1
0	1	574
0	2	469
608	0	1
608	1	574
608	13	25
157	0	1
157	1	458
157	9	574
0	0	1
0	1	574
608	0	1
608	1	574
608	13	469
9	0	1
9	1	574
9	8	3
0	4	608
608	4	30
30	4	0
0	4	608
608	4	9
907	5	0
907	5	608
907	5	30
907	5	0
907	5	9
907	6	0
907	7	9
0	0	1
0	1	574
0	2	469
608	0	1
608	1	574
608	13	3
157	0	1
157	1	3
157	9	574
9	0	1
9	1	574
9	8	3
0	4	608
608	4	30
30	4	9
908	5	0
908	5	608
908	5	157
908	5	9
908	6	0
908	7	9
572	0	1
572	1	909
391	0	1
391	1	909
572	4	391
910	5	572
910	5	391
910	6	572
910	7	391
392	0	1
392	1	909
568	0	1
568	1	909
392	4	568
911	5	392
911	5	568
911	6	392
911	7	568
0	0	1
0	1	574
0	2	575
608	0	1
608	1	574
608	13	909
157	0	1
157	1	909
157	9	574
0	0	1
0	1	574
0	13	575
0	4	157
157	4	0
912	5	0
912	5	157
912	5	0
912	6	0
912	7	0
0	0	1
0	1	757
0	2	575
350	0	1
350	1	757
350	10	354
0	4	350
900	5	0
900	5	350
900	6	0
900	7	350
386	0	1
386	1	757
386	2	757
854	0	1
854	1	757
854	10	757
350	0	1
350	1	757
350	10	354
386	4	854
854	4	350
902	5	386
902	5	854
902	5	350
902	6	386
902	7	350
0	0	1
0	1	757
9	0	1
9	1	757
9	8	458
0	4	9
913	5	0
913	5	352
913	6	0
913	7	352
0	0	1
0	1	709
0	2	3
608	0	1
608	1	709
608	13	110
400	0	1
400	1	709
400	3	110
9	0	1
9	1	709
9	8	3
0	0	1
0	1	914
0	2	3
608	0	1
608	1	914
608	13	110
30	0	1
30	1	110
30	9	914
9	0	1
9	1	914
9	8	3
0	4	608
608	4	400
400	4	9
9	4	0
0	4	608
608	4	30
30	4	9
915	5	0
915	5	608
915	5	400
915	5	9
915	5	0
915	5	608
915	5	30
915	5	9
915	6	0
915	7	9
0	0	1
0	1	709
0	2	3
608	0	1
608	1	709
608	13	144
400	0	1
400	1	709
400	3	144
9	0	1
9	1	709
9	8	3
0	0	1
0	1	619
0	2	3
608	0	1
608	1	619
608	13	144
30	0	1
30	1	144
30	9	619
9	0	1
9	1	619
9	8	3
0	4	608
608	4	400
400	4	9
9	4	0
0	4	608
608	4	30
30	4	9
159	5	0
159	5	608
159	5	400
159	5	9
159	5	0
159	5	608
159	5	30
159	5	9
159	6	0
159	7	9
0	0	1
0	1	576
0	2	916
572	0	1
572	1	576
391	0	1
391	1	576
573	0	1
573	1	492
573	9	576
392	0	1
392	1	576
568	0	1
568	1	576
9	0	1
9	1	576
9	10	916
0	4	572
572	4	391
391	4	573
573	4	392
392	4	568
568	4	9
917	5	0
917	5	572
917	5	391
917	5	573
917	5	392
917	5	568
917	5	9
917	6	0
917	7	9
0	0	1
0	1	576
0	2	280
572	0	1
572	1	576
391	0	1
391	1	576
573	0	1
573	1	454
573	9	576
392	0	1
392	1	576
568	0	1
568	1	576
9	0	1
9	1	576
9	10	280
0	4	572
572	4	391
391	4	573
573	4	392
392	4	568
568	4	9
918	5	0
918	5	572
918	5	391
918	5	573
918	5	392
918	5	568
918	5	9
918	6	0
918	7	9
0	0	1
0	1	576
0	2	916
572	0	1
572	1	576
391	0	1
391	1	576
573	0	1
573	1	577
573	9	576
392	0	1
392	1	576
9	0	1
9	1	576
9	10	916
0	4	572
572	4	391
391	4	573
573	4	392
392	4	9
919	5	0
919	5	572
919	5	391
919	5	573
919	5	392
919	5	9
919	6	0
919	7	9
392	0	1
392	1	920
568	0	1
568	1	920
392	4	568
921	5	392
921	5	568
921	6	392
921	7	568
572	0	1
572	1	920
391	0	1
391	1	920
572	4	391
922	5	572
922	5	391
922	6	572
922	7	391
572	0	1
572	1	920
222	0	1
222	1	203
222	10	920
391	0	1
391	1	920
392	0	1
392	1	920
568	0	1
568	1	920
572	4	222
222	4	391
391	4	392
392	4	568
923	5	572
923	5	222
923	5	391
923	5	392
923	5	568
923	6	572
923	7	568
0	0	1
0	1	574
0	2	469
608	0	1
608	1	574
608	13	139
157	0	1
157	1	139
157	9	574
9	0	1
9	1	574
9	8	3
0	4	608
608	4	157
157	4	9
924	5	0
924	5	608
924	5	157
924	5	9
924	6	0
924	7	9
572	0	1
572	1	576
391	0	1
391	1	576
572	4	391
925	5	572
925	5	391
925	6	572
925	7	391
392	0	1
392	1	576
568	0	1
568	1	576
392	4	568
926	5	392
926	5	568
926	6	392
926	7	568
0	0	1
0	1	161
0	2	148
9	0	1
9	1	161
9	10	703
0	0	1
0	1	709
0	2	469
400	0	1
400	1	709
400	3	703
391	0	1
391	1	703
0	4	9
9	4	0
0	4	400
400	4	391
927	5	0
927	5	9
927	5	0
927	5	400
927	5	391
927	6	0
927	7	391
354	15	418
653	15	515
670	15	552
25	15	111
170	15	635
172	15	635
678	15	340
689	15	635
718	15	635
726	15	671
727	15	451
206	15	515
752	15	635
773	15	8
800	15	928
807	15	451
815	15	418
833	15	418
848	15	929
850	15	727
867	15	596
877	15	929
893	15	930
905	15	671
909	15	931
914	15	398
68	14	420
596	14	420
645	14	420
825	14	420
867	14	420
16	14	416
148	14	416
583	14	416
586	14	416
588	14	416
144	14	416
592	14	416
594	14	416
599	14	416
600	14	416
616	14	416
110	14	416
625	14	416
635	14	416
932	14	416
18	14	416
128	14	416
161	14	416
170	14	416
8	14	416
933	14	416
171	14	416
172	14	416
688	14	416
689	14	416
690	14	416
114	14	416
319	14	416
743	14	416
746	14	416
773	14	416
782	14	416
354	14	416
793	14	416
28	14	416
762	14	934
677	14	415
678	14	415
724	14	415
286	14	415
750	14	415
332	14	415
336	14	415
642	14	415
837	14	415
838	14	415
848	14	415
814	14	890
893	14	890
840	14	890
569	14	890
584	14	555
109	14	555
129	14	555
617	14	555
621	14	555
623	14	555
631	14	555
483	14	555
780	14	555
781	14	555
666	14	555
591	14	169
206	14	169
413	14	531
156	14	531
570	14	531
574	14	531
581	14	531
619	14	531
633	14	531
647	14	531
935	14	531
664	14	531
680	14	531
683	14	531
709	14	531
714	14	531
757	14	531
763	14	531
765	14	531
771	14	531
770	14	531
355	14	531
815	14	531
398	14	531
817	14	531
829	14	531
844	14	531
857	14	531
858	14	531
880	14	531
914	14	531
842	14	531
601	14	515
611	14	515
152	14	515
602	14	515
614	14	515
650	14	515
653	14	515
662	14	515
519	14	515
520	14	515
165	14	515
796	14	515
800	14	515
801	14	515
804	14	515
822	14	515
819	14	515
203	14	515
593	14	426
530	14	462
576	14	462
612	14	462
15	14	462
702	14	462
703	14	462
760	14	462
787	14	462
920	14	462
870	14	462
871	14	462
751	14	462
287	14	458
577	14	458
111	14	458
579	14	458
641	14	458
659	14	458
669	14	458
671	14	458
25	14	458
3	14	458
158	14	458
674	14	458
697	14	458
725	14	458
726	14	458
735	14	458
748	14	458
749	14	458
753	14	458
330	14	458
768	14	458
776	14	458
784	14	458
785	14	458
788	14	458
802	14	458
538	14	458
851	14	458
827	14	458
850	14	458
874	14	458
877	14	458
881	14	458
883	14	458
905	14	458
909	14	458
916	14	458
492	14	458
454	14	458
727	14	503
737	14	503
729	14	503
730	14	503
807	14	503
606	14	503
609	14	503
507	14	503
845	14	503
810	14	503
1	14	936
937	14	936
389	14	936
564	14	936
938	14	936
720	14	698
563	14	551
670	14	551
681	14	551
767	14	551
139	15	933
12	14	426
54	16	939
54	16	129
54	15	940
124	14	555
941	14	515
941	15	942
942	15	943
14	14	515
21	14	169
26	14	515
31	14	169
64	14	426
79	14	169
85	14	169
92	14	426
104	14	169
106	14	169
132	14	515
140	14	515
149	14	515
139	14	416
154	14	515
164	14	515
167	14	515
34	14	169
175	14	169
177	14	169
179	14	416
188	14	944
189	14	944
191	14	944
194	14	417
197	14	944
198	14	417
200	14	944
201	14	417
209	14	944
210	14	944
212	14	944
213	14	417
216	14	503
217	14	503
221	14	503
225	14	503
231	14	503
238	14	417
240	14	542
241	14	542
243	14	542
245	14	542
246	14	542
247	14	542
251	14	542
252	14	542
255	14	542
256	14	542
257	14	542
258	14	542
259	14	542
260	14	542
261	14	542
262	14	542
264	14	542
265	14	542
266	14	542
267	14	542
269	14	542
270	14	542
271	14	542
272	14	542
275	14	555
343	14	503
345	14	503
347	14	503
371	14	555
374	14	555
376	14	555
381	14	515
384	14	515
394	14	890
395	14	890
396	14	531
945	14	531
407	14	531
411	14	551
423	14	420
424	14	420
435	14	426
436	14	515
437	14	426
437	15	940
440	14	426
440	15	940
441	14	426
441	15	940
443	14	515
444	14	515
347	14	503
445	14	503
447	14	416
448	14	416
457	14	458
459	14	416
464	14	417
527	14	515
528	14	515
529	14	515
516	14	515
525	14	515
526	14	515
